1 72632.0 144069
2 67785.5 134508
3 73160.0 145110
4 67190.5 133335
5 224179.5 442538
6 67785.5 134508
7 72893.5 144585
8 67638.0 134217
9 73849.0 146469
12 25.0 175
13 50.5 249
14 37.0 211
15 71130.5 142461
16 57.5 269
17 42.5 227
18 59.5 274
19 34.5 203
21 63.5 284
23 64.5 286
24 19.5 157
25 66436.5 132973
26 23.0 168
27 45.5 234
28 48.0 241
29 22.0 165
31 58.5 271
32 45.5 235
34 44.5 232
35 71610.5 143407
36 38.0 214
37 63.0 284
38 53.0 256
39 37.0 211
41 76.5 318
42 24.0 171
43 31.5 193
45 65850.5 131778
46 56.5 264
47 44.0 230
48 23.5 169
49 38.0 212
51 217116.5 437347
52 57.0 354
53 400.5 1462
54 38.5 285
56 28.0 244
57 317.0 1206
58 52.0 336
59 349.0 1304
61 44.5 231
62 33.0 198
63 124.5 442
64 60.5 275
65 66385.0 132841
67 21.5 163
68 20.0 159
69 33.5 199
71 64.0 286
72 59.5 274
73 63.5 285
74 43.5 229
75 71307.0 142757
76 60.0 275
78 46.5 238
79 47.5 241
81 7.5 118
82 80.0 328
83 11.5 131
84 14.5 141
85 66190.5 132448
86 11.5 131
87 135.0 468
89 128.5 452
91 56.5 266
92 57.0 267
93 58.0 270
94 37.0 211
95 72308.0 144846
96 20.5 161
97 48.5 244
98 34.5 204
132 21.0 33
142 41.0 53
152 102.0 112
162 62.0 74
172 69.5 82
182 74.0 96
192 38.5 51
123 4.0 16
143 191.0 208
153 107.0 159
163 241.0 293
173 116.0 135
183 13.0 26
193 178.0 194
124 53.0 63
134 74.0 83
154 98.0 105
164 30.0 44
174 7.5 17
184 50.5 62
194 76.5 86
125 23914.0 47653
135 16360.5 32899
145 23517.5 46880
165 20882.5 41739
175 16285.0 32751
185 23051.5 45972
195 26097.5 51907
126 13.0 24
136 91.0 101
146 77.5 92
156 100.5 109
176 13.0 24
186 25.5 37
196 78.0 88
127 172.0 190
137 162.5 176
147 1.5 11
157 174.0 230
167 37.0 52
187 283.0 346
197 150.0 164
128 70.5 86
138 38.0 51
148 9.0 20
158 49.0 62
168 33.5 46
178 97.0 108
198 81.5 94
129 13.5 26
139 115.0 128
149 3.5 14
159 56.0 94
169 43.5 59
179 133.5 145
189 19.5 41
231 8.5 22
241 43.0 65
251 38196.0 75583
261 16.0 32
271 164.0 189
281 20.5 37
291 26.5 44
243 4.0 16
253 310.0 395
263 59.0 90
273 35.0 55
283 19.5 37
293 184.0 213
234 11.0 21
254 117.5 123
264 41.5 56
274 61.0 71
284 12.0 22
294 14.5 25
235 24092.0 48000
245 17394.5 34923
265 18012.5 36131
275 22366.5 44636
285 2.0 94
295 21322.5 42598
236 24.0 34
246 38.5 53
256 108.0 114
276 23.5 36
286 3.0 11
296 49.0 59
237 16.5 31
247 26.5 43
257 30.5 60
267 6.0 18
287 3.0 18
297 26.5 42
238 51.5 67
248 46.5 62
258 5.5 16
268 66.0 82
278 47.5 63
298 50.5 66
239 156.0 169
249 6.0 17
259 7.5 28
269 6.0 17
279 15.5 28
289 5.0 20
341 206.5 240
351 30299.5 60223
361 170.0 191
371 181.5 196
381 8.0 20
391 141.0 158
342 62.0 74
352 124.0 132
362 54.5 67
372 94.5 105
382 60.0 81
392 78.0 89
354 61.5 71
364 80.5 95
374 52.5 63
384 33.5 45
394 28.0 39
345 21572.5 43086
365 23973.5 47769
375 25737.5 51206
385 21158.0 42277
395 16313.5 32807
346 37.5 52
356 103.5 110
376 21.0 33
386 36.5 47
396 8.5 18
347 15.5 30
357 104.0 148
367 10.0 22
387 43.5 75
397 73.0 89
348 36.5 49
358 57.0 69
368 3.0 12
378 64.5 77
398 73.5 85
349 13.5 27
359 165.5 225
369 3.0 13
379 133.5 145
389 253.5 304
451 37720.0 74658
461 15.0 32
471 4.5 18
481 26.5 46
491 46.5 70
452 75.0 86
462 13.5 24
472 7.0 17
482 58.5 80
492 31.5 43
453 32.0 64
463 18.0 39
473 8.5 21
483 2.0 12
493 19.5 34
465 4.0 101
475 24033.5 47886
485 17648.5 35419
495 21570.5 43082
456 10.0 22
476 62.5 77
486 27.5 41
496 54.5 69
457 281.5 350
467 4.0 15
487 80.5 121
497 153.5 173
458 78.5 90
468 5.0 14
478 52.0 65
498 45.0 57
459 34.0 66
469 8.0 20
479 184.0 199
489 1.0 14
561 24896.5 49691
571 31352.5 62274
581 24338.5 48602
591 33436.5 66329
562 71.0 83
572 49.0 62
582 7.0 20
592 109.0 117
563 282.0 362
573 136.0 194
583 34.0 67
593 163.5 226
564 0.5 9
574 90.0 98
584 99.5 108
594 62.5 72
576 45.0 57
586 110.0 114
596 96.0 100
567 7.5 27
587 221.5 286
597 78.5 119
568 84.0 94
578 124.0 132
598 122.0 129
569 287.5 364
579 153.5 209
589 252.5 324
671 17.5 33
681 3.0 14
691 8.0 21
672 36.5 49
682 70.0 92
692 24.0 36
673 27.5 52
683 16.5 37
693 2.0 16
674 44.5 59
684 43.5 58
694 63.5 79
675 21247.0 42451
685 17373.5 34881
695 24052.5 47923
687 3.0 18
697 171.0 184
678 73.0 84
698 68.0 79
679 135.0 150
689 89.5 125
781 140.0 156
791 140.0 157
782 83.0 105
792 31.0 43
783 9.5 22
793 123.0 141
784 66.5 77
794 70.5 80
785 24073.0 47963
795 16242.0 32667
786 8.0 19
796 103.0 114
798 8.0 18
789 2.5 16
891 7.5 20
892 74.0 96
893 178.0 194
894 2.0 10
895 23994.5 47810
896 63.0 71
897 3.0 18
1324 7.5 37
1325 16541.5 32582
1326 5.5 35
1327 3.5 37
1328 17.0 53
1329 12.0 51
1423 1.0 35
1425 1.5 84
1426 0.0 17
1427 11.5 28
1428 0.0 9
1429 1.5 12
1523 0.5 25
1524 2.0 30
1526 2.0 30
1527 5.0 38
1528 1.0 27
1529 3.0 32
1623 5.5 47
1624 1.5 18
1625 4626.0 9281
1627 4.0 23
1628 10.0 35
1629 5.0 26
1723 0.5 21
1724 8.5 35
1725 2.0 81
1726 1.0 20
1728 1.0 23
1729 2.0 28
1823 0.5 14
1824 3.0 22
1825 9.0 104
1826 1.0 15
1827 40.0 142
1829 14.5 39
1923 1.0 39
1924 0.0 24
1925 7973.5 15870
1926 2.5 32
1927 0.0 34
1928 7.0 41
1234 7.0 29
1235 23726.5 47215
1236 15.0 18
1237 9.0 51
1238 10.0 36
1239 14.5 19
1435 8.0 107
1436 4.0 44
1437 13.0 69
1438 0.0 32
1439 0.0 32
1534 1.0 28
1536 7.0 42
1537 0.0 21
1538 1.5 25
1539 68.0 138
1634 16.5 74
1635 4638.0 9304
1637 14.0 68
1638 12.5 65
1639 4.0 43
1734 11.0 43
1735 2.0 81
1736 5.0 32
1738 1.5 24
1739 3.5 32
1834 6.0 28
1835 7.0 97
1836 1.0 9
1837 0.0 36
1839 28.5 42
1934 1.5 41
1935 4.0 89
1936 2.0 43
1937 15.0 81
1938 6.0 55
1245 9.0 111
1246 0.0 14
1247 1.0 30
1248 1.0 17
1249 0.5 15
1345 2.0 81
1346 0.0 21
1347 1.5 32
1348 0.0 19
1349 0.5 24
1546 1.0 28
1547 1.0 28
1548 3.5 35
1549 1.0 28
1645 1.0 75
1647 1.5 11
1648 0.5 14
1649 13.0 29
1745 16468.5 32429
1746 13.0 27
1748 7.0 37
1749 9.0 45
1845 4606.0 9296
1846 4.0 22
1847 3.5 48
1849 3.0 22
1945 7949.0 15823
1946 9.0 48
1947 0.0 34
1948 1.0 28
1256 2.0 86
1257 3.0 90
1258 1.0 83
1259 1.5 85
1356 3.0 85
1357 1.5 79
1358 2.0 81
1359 0.5 76
1456 0.0 79
1457 23351.5 46444
1458 3.0 90
1459 1.5 84
1657 3.0 82
1658 6746.0 13322
1659 4857.0 9723
1756 0.0 74
1758 2.0 81
1759 1.5 79
1856 7573.5 14976
1857 5554.5 11118
1859 5186.0 10411
1956 5034.0 10205
1957 9.5 107
1958 4858.5 9865
1267 0.0 27
1268 2.0 20
1269 1.0 5
1367 1.5 32
1368 2.0 24
1369 1.0 26
1467 11.5 40
1468 0.0 17
1469 2.0 22
1567 1.5 28
1568 0.0 23
1569 6.5 41
1768 0.0 20
1769 0.0 23
1867 7.5 60
1869 7.5 21
1967 5.5 51
1968 3.0 34
1278 7.0 46
1279 4.0 39
1378 4.0 39
1379 2.5 34
1478 10.0 12
1479 16.0 17
1578 5.0 34
1579 51.0 118
1678 2.0 17
1679 13.0 29
1879 7.0 58
1978 2.0 40
1289 3.0 22
1389 0.0 23
1489 1.0 4
1589 23.0 72
1689 3.5 21
1789 1.5 27
2314 13.0 18
2315 23885.0 47524
2316 13.5 28
2317 13.5 18
2318 9.5 26
2319 13.0 63
2413 3.5 15
2415 7044.5 13845
2416 8.0 21
2417 5.0 17
2418 6.5 19
2419 6.0 19
2513 1.0 89
2514 5.5 106
2516 1.0 89
2517 7.0 111
2518 37374.0 75123
2519 1.0 89
2613 1.5 14
2614 7.0 22
2615 5273.0 10510
2617 9.0 14
2618 6.5 23
2619 2.0 7
2713 3.5 37
2714 2.5 34
2715 5420.0 10840
2716 2.0 32
2718 5.0 41
2719 14.0 63
2813 1.0 5
2814 1.0 5
2815 16.5 20
2816 0.0 4
2817 0.5 5
2819 1.0 5
2913 1.5 33
2914 2.0 10
2915 4860.0 9738
2916 1.5 16
2917 19.0 35
2918 10.0 27
2435 5580.0 11066
2436 3.0 13
2437 0.0 6
2438 4.0 15
2439 14.0 19
2534 3.0 44
2536 1.5 39
2537 4.0 47
2538 72.0 205
2539 7.0 56
2634 16.0 37
2635 7598.5 14931
2637 8.0 25
2638 3.0 17
2639 1.5 14
2734 0.0 14
2735 4976.5 9990
2736 6.5 21
2738 10.0 26
2739 20.5 41
2834 2.0 6
2835 16.0 19
2836 0.0 4
2837 3.0 7
2839 0.0 4
2934 2.0 34
2935 4541.0 9127
2936 2.5 36
2937 9.0 53
2938 12.0 61
2345 0.0 79
2346 0.0 8
2347 3.0 8
2348 0.0 10
2349 0.0 27
2546 2.0 36
2547 1.0 32
2548 2.0 35
2549 0.0 29
2645 4.5 86
2647 1.0 11
2648 4.0 19
2649 4.0 17
2745 6262.0 12450
2746 3.0 20
2748 4.0 22
2749 2.5 19
2845 28.0 29
2846 2.0 6
2847 1.0 5
2849 0.0 3
2945 5504.0 10969
2946 12.0 35
2947 8.0 20
2948 2.0 14
2356 8.5 109
2357 0.0 79
2358 3.5 92
2359 13.0 124
2456 1.5 76
2457 4914.5 9800
2458 1.5 76
2459 7.0 94
2657 3.0 81
2658 1.5 76
2659 5251.0 10468
2756 5619.0 11220
2758 2.5 82
2759 0.0 73
2856 32.0 32
2857 32.0 32
2859 32.0 32
2956 6378.0 12635
2957 2.0 79
2958 2.5 81
2367 0.0 8
2368 1.0 12
2369 0.0 28
2467 2.5 13
2468 1.0 10
2469 6.0 17
2567 1.0 31
2568 2.5 36
2569 3.0 38
2768 2.5 16
2769 9.0 27
2867 0.0 3
2869 5.0 9
2967 1.5 16
2968 1.0 14
2378 5.0 18
2379 1.0 31
2478 4.5 16
2479 6.0 12
2578 27.0 41
2579 1.0 9
2678 0.0 11
2679 17.0 20
2879 1.0 4
2978 2.0 14
2389 2.0 34
2489 1.0 10
2589 27.5 34
2689 7.0 23
2789 0.0 10
3412 8.0 54
3415 5348.0 10678
3416 9.0 56
3417 6.0 48
3418 8.0 53
3419 4.0 43
3512 1.5 88
3514 9.0 114
3516 0.5 84
3517 29927.0 59855
3518 2.0 90
3519 3.0 93
3612 1.0 32
3614 2.0 35
3615 9.0 111
3617 1.0 32
3618 0.0 29
3619 19.0 80
3712 3.0 42
3714 2.0 39
3715 15.5 126
3716 2.0 39
3718 3.5 43
3719 13.0 70
3812 0.0 11
3814 4.0 18
3815 4.0 86
3816 0.0 11
3817 30.0 59
3819 13.0 71
3912 0.5 22
3914 3.0 28
3915 0.0 74
3916 8.5 41
3917 5.0 33
3918 1.5 25
3425 6018.5 11958
3426 3.0 19
3427 1.0 16
3428 7.0 29
3429 0.5 15
3524 0.0 26
3526 3.0 37
3527 3.0 36
3528 1.0 30
3529 3.5 37
3624 4.0 24
3625 8.5 109
3627 0.0 13
3628 0.0 13
3629 11.0 34
3724 4.0 37
3725 5711.0 11498
3726 0.0 25
3728 5.0 40
3729 3.0 38
3824 0.5 12
3825 2.0 79
3826 9.0 28
3827 11.5 31
3829 28.0 107
3924 1.0 19
3925 1.0 77
3926 7.5 33
3927 3.5 25
3928 2.0 22
3546 3.0 37
3547 14.0 58
3548 2.0 28
3549 1.0 25
3645 0.5 81
3647 2.5 20
3648 0.0 15
3649 9.5 34
3745 4810.5 9758
3746 9.0 45
3748 4.0 37
3749 1.0 32
3845 7047.0 13899
3846 11.0 31
3847 8.0 24
3849 10.5 64
3945 4.0 88
3946 17.0 50
3947 2.0 20
3948 0.0 16
3456 2.0 79
3457 4793.5 9617
3458 5359.0 10699
3459 3.0 83
3657 3.0 90
3658 2.0 86
3659 23774.5 47298
3756 7764.5 15447
3758 7182.5 14330
3759 0.5 77
3856 4617.0 9267
3857 4629.0 9290
3859 4826.5 9668
3956 16491.0 32470
3957 0.0 74
3958 0.0 74
3467 10.5 25
3468 1.5 11
3469 2.0 11
3567 4.0 40
3568 0.0 28
3569 0.5 30
3768 2.0 32
3769 4.0 41
3867 0.5 12
3869 3.0 43
3967 12.0 40
3968 8.5 34
3478 6.0 17
3479 16.5 28
3578 29.0 91
3579 55.0 126
3678 0.0 3
3679 12.0 14
3879 1.5 38
3978 1.5 20
3489 7.0 19
3589 1.0 25
3689 15.0 16
3789 0.0 29
4512 6.0 107
4513 4.0 100
4516 36927.5 74222
4517 0.0 85
4518 0.5 87
4519 2.0 93
4612 4.0 8
4613 3.0 7
4615 21.0 23
4617 1.0 5
4618 1.0 5
4619 0.0 4
4712 10.0 13
4713 18.0 20
4715 23834.0 47422
4716 10.0 32
4718 13.5 34
4719 8.0 57
4812 4.5 18
4813 13.0 20
4815 5200.0 10356
4816 5.5 15
4817 3.5 18
4819 2.0 8
4912 8.5 30
4913 17.0 37
4915 4700.0 9437
4916 7.5 24
4917 1.0 29
4918 1.5 17
4523 6.0 35
4526 8.0 40
4527 3.0 41
4528 0.0 20
4529 0.0 20
4623 2.0 6
4625 24.5 26
4627 1.0 5
4628 1.0 5
4629 2.0 6
4723 2.0 6
4725 0.0 79
4726 0.0 12
4728 1.0 13
4729 2.0 39
4823 3.0 17
4825 0.5 72
4826 3.0 17
4827 14.5 35
4829 9.5 27
4923 14.0 39
4925 5449.5 10871
4926 1.0 15
4927 3.0 34
4928 12.0 37
4536 32.0 48
4537 2.0 38
4538 0.5 21
4539 1.0 9
4635 21.0 23
4637 5.0 9
4638 0.0 4
4639 1.0 5
4735 1.0 83
4736 3.5 20
4738 1.5 14
4739 4.0 46
4835 6.0 91
4836 8.0 19
4837 4.0 19
4839 15.0 15
4935 1.0 76
4936 1.5 14
4937 3.0 34
4938 0.5 14
4657 27.0 28
4658 27.0 28
4659 27.0 28
4756 0.0 79
4758 8.5 109
4759 13.0 124
4856 1.0 74
4857 7102.0 13970
4859 5474.5 10879
4956 2.5 81
4957 4936.5 9890
4958 6430.5 12742
4567 57.5 166
4568 8.5 40
4569 37.5 54
4768 0.0 12
4769 1.0 36
4867 13.5 34
4869 0.5 8
4967 11.5 56
4968 3.5 21
4578 2.0 38
4579 4.0 44
4678 1.0 4
4679 4.0 8
4879 5.0 21
4978 1.5 30
4589 3.0 28
4689 4.0 8
4789 0.0 33
5612 1.0 83
5613 3.0 91
5614 24791.5 49351
5617 4.0 94
5618 1.0 83
5619 3.0 91
5712 13.0 128
5713 30918.5 61843
5714 0.0 83
5716 0.0 83
5718 2.0 90
5719 3.0 94
5812 24262.5 48286
5813 6.0 101
5814 1.0 83
5816 2.0 87
5817 5.5 99
5819 3.0 90
5912 21.5 152
5913 16423.5 32928
5914 29.5 176
5916 8.5 111
5917 16510.5 33098
5918 11.0 119
5623 8.5 55
5624 10.5 44
5627 0.5 21
5628 0.0 20
5629 5.5 48
5723 19.5 68
5724 1.0 27
5726 0.0 24
5728 1.0 31
5729 1.5 26
5823 32.5 48
5824 7.5 48
5826 3.0 38
5827 49.0 133
5829 61.0 158
5923 1.0 33
5924 3.0 41
5926 1.5 36
5927 1.0 33
5928 0.0 31
5634 63.5 177
5637 3.0 41
5638 4.0 43
5639 0.0 32
5734 5.5 40
5736 24.0 86
5738 6.0 45
5739 55.0 130
5834 0.0 26
5836 0.0 29
5837 1.0 29
5839 6.0 44
5934 0.0 30
5936 1.0 34
5937 3.0 26
5938 2.5 39
5647 24.0 30
5648 8.0 41
5649 60.0 171
5746 1.0 28
5748 5.5 43
5749 4.5 37
5846 0.0 29
5847 7.0 47
5849 3.0 36
5946 0.0 30
5947 3.0 41
5948 0.5 32
5768 0.5 29
5769 14.0 62
5867 4.5 43
5869 3.0 38
5967 0.0 30
5968 3.0 41
5678 2.0 26
5679 4.0 44
5879 0.5 29
5978 0.0 31
5689 4.0 44
5789 0.5 29
6712 9.0 30
6713 24.0 40
6714 0.5 11
6715 2.0 79
6718 7.5 33
6719 0.0 24
6812 2.0 17
6813 18.0 24
6814 2.0 12
6815 2.0 77
6817 21.0 23
6819 7.0 28
6912 0.0 4
6913 21.0 23
6914 5.0 24
6915 1.0 83
6917 0.0 31
6918 0.0 14
6723 5.0 21
6724 0.5 13
6725 6418.0 12706
6728 3.0 23
6729 4.0 35
6823 1.0 15
6824 1.5 16
6825 0.0 70
6827 16.0 42
6829 13.5 39
6923 10.0 15
6924 0.0 14
6925 0.0 79
6927 0.0 31
6928 3.0 21
6734 11.5 29
6735 4872.5 9757
6738 3.5 24
6739 2.0 30
6834 10.0 24
6835 5403.5 10734
6837 1.0 6
6839 5.0 24
6934 10.0 35
6935 23851.5 47459
6937 10.0 61
6938 10.0 35
6745 1.0 76
6748 2.5 22
6749 7.5 44
6845 1.0 74
6847 5.0 17
6849 13.5 39
6945 3.0 90
6947 2.0 38
6948 0.5 15
6758 5189.5 10364
6759 4732.5 9490
6857 5537.0 10988
6859 6565.5 12941
6957 14.0 127
6958 7.0 104
6879 0.5 15
6978 1.0 35
6789 1.0 27
7812 1.0 29
7813 0.0 25
7814 0.0 25
7815 10.0 114
7816 1.0 29
7819 10.0 52
7912 2.0 30
7913 4.5 36
7914 1.0 27
7915 1.5 79
7916 3.0 32
7918 8.5 44
7823 8.5 32
7824 0.5 17
7825 1.0 83
7826 1.0 17
7829 14.5 43
7923 0.0 24
7924 0.0 17
7925 2.0 81
7926 0.0 19
7928 15.0 44
7834 0.5 17
7835 0.0 79
7836 1.0 5
7839 10.0 14
7934 2.5 31
7935 1.0 77
7936 1.0 27
7938 14.0 58
7845 10.0 114
7846 0.0 16
7849 9.5 35
7945 2.0 81
7946 1.0 22
7948 6.5 32
7856 2.0 87
7859 23877.0 47505
7956 1.0 77
7958 16426.0 32341
7869 18.0 20
7968 10.0 41
8912 5.5 27
8913 1.0 33
8914 0.0 3
8915 0.0 79
8916 1.0 17
8917 12.5 14
8923 4.0 42
8924 0.0 15
8925 2.5 88
8926 1.0 18
8927 14.5 43
8934 1.0 33
8935 10.0 114
8936 1.0 33
8937 13.0 66
8945 3.0 90
8946 0.0 14
8947 19.0 19
8956 7.0 104
8957 23794.0 47338
8967 7.0 29
13524 20.5 21
13624 6.0 9
13724 0.0 3
13824 4.5 8
13924 12.0 14
13425 1.5 83
13625 0.5 79
13725 0.5 79
13825 16037.5 32314
13925 1.5 83
13426 4.5 8
13526 20.0 21
13726 24.0 24
13826 8.0 11
13926 2.0 6
13427 0.0 4
13527 1.0 5
13627 6.0 10
13827 12.0 23
13927 34.0 34
13428 1.0 6
13528 37.0 39
13628 0.0 5
13728 3.0 8
13928 0.0 5
13429 4.0 9
13529 3.5 9
13629 0.5 5
13729 38.0 39
13829 10.5 20
14523 31.0 32
14623 19.0 22
14723 33.0 33
14823 29.0 30
14923 27.0 30
14625 1.0 64
14725 150.0 150
14825 8.5 17
14925 1.0 71
14526 12.5 14
14726 20.0 20
14826 7.5 10
14926 16.0 17
14527 21.0 23
14627 0.5 4
14827 13.0 24
14927 3.5 8
14528 21.0 21
14628 3.0 7
14728 22.0 22
14928 2.0 7
14529 25.0 25
14629 22.5 24
14729 30.0 30
14829 22.5 33
15623 32.0 33
15723 44.5 50
15823 14.5 26
15923 39.0 39
15624 5.5 9
15724 18.0 19
15824 5.5 9
15924 23.0 23
15726 20.0 20
15826 5.0 8
15926 20.0 20
15627 23.0 24
15827 46.0 59
15927 30.0 30
15628 27.0 27
15728 21.0 21
15928 39.0 39
15629 10.5 14
15729 27.5 28
15829 7.0 18
16723 29.5 31
16823 31.5 33
16923 1.0 5
16724 4.5 8
16824 4.0 7
16924 24.0 24
16725 1.0 68
16825 4654.5 9192
16925 0.0 67
16827 15.0 26
16927 24.0 25
16728 1.0 5
16928 2.0 7
16729 4.0 8
16829 8.5 17
17823 24.0 26
17923 37.0 37
17824 7.0 10
17924 17.0 19
17825 142.0 143
17925 1.0 71
17826 14.0 15
17926 20.0 20
17928 0.0 4
17829 17.0 27
18923 32.0 33
18924 24.0 24
18925 7894.5 15649
18926 13.5 15
18927 91.0 104
12534 30.0 31
12634 8.5 16
12734 1.0 5
12834 3.5 8
12934 0.5 5
12435 1.0 83
12635 0.0 79
12735 23487.5 46904
12835 0.0 79
12935 1.5 85
12436 1.0 5
12536 4.0 9
12736 0.0 4
12836 0.0 4
12936 3.0 8
12437 0.0 5
12537 50.0 52
12637 0.0 5
12837 3.0 9
12937 1.0 7
12438 2.0 7
12538 1.5 11
12638 0.0 5
12738 11.0 17
12938 54.0 56
12439 3.0 10
12539 0.0 10
12639 2.5 10
12739 1.0 7
12839 1.0 8
14635 3.0 74
14735 143.0 143
14835 2.0 9
14935 0.0 6
14536 3.0 10
14736 36.0 36
14836 0.0 4
14936 31.0 32
14537 67.0 68
14637 2.0 8
14837 0.0 5
14937 0.0 5
14538 25.0 26
14638 28.0 31
14738 30.0 30
14938 27.0 29
14539 0.0 10
14639 54.0 55
14739 61.0 61
14839 0.0 7
15634 41.5 57
15734 2.0 7
15834 28.0 29
15934 35.0 35
15736 3.0 10
15836 0.0 4
15936 37.0 37
15637 70.0 70
15837 44.0 45
15937 80.0 80
15638 38.5 40
15738 27.5 28
15938 39.0 39
15639 70.0 99
15739 0.0 10
15839 2.0 14
16734 10.5 18
16834 12.5 20
16934 60.5 65
16735 8419.5 16653
16835 1.5 70
16935 1.0 83
16837 2.0 8
16937 2.0 8
16738 7.0 12
16938 1.0 6
16739 8.5 14
16839 13.0 24
17834 7.0 12
17934 34.5 35
17835 134.0 135
17935 144.0 144
17836 0.0 4
17936 36.0 36
17938 38.5 40
17839 0.0 7
18934 17.0 20
18935 1.0 8
18936 22.0 25
18937 0.0 5
12345 155.0 155
12645 12.0 21
12745 0.0 77
12845 1.0 64
12945 1.0 70
12346 28.0 28
12546 22.0 23
12746 1.0 5
12846 1.0 5
12946 3.0 8
12347 31.0 31
12547 35.0 35
12647 25.0 26
12847 17.0 20
12947 25.0 27
12348 21.0 21
12548 18.5 19
12648 5.0 8
12748 6.5 10
12948 12.5 14
12349 27.0 27
12549 27.0 27
12649 9.5 15
12749 3.5 8
12849 24.0 25
13645 154.0 154
13745 1.0 81
13845 0.0 66
13945 1.0 70
13546 27.0 27
13746 1.0 6
13846 1.0 5
13946 0.0 5
13547 44.0 46
13647 22.5 24
13847 24.0 26
13947 33.0 33
13548 12.0 14
13648 20.0 20
13748 13.0 15
13948 19.0 19
13549 27.0 27
13649 12.0 18
13749 38.0 38
13849 7.0 12
15746 17.0 19
15846 27.0 27
15946 43.0 43
15647 5.5 11
15847 31.5 32
15947 42.0 42
15648 2.5 6
15748 21.5 22
15948 20.0 20
15649 6.0 17
15749 0.0 4
15849 6.5 10
16745 15959.0 32160
16845 4690.5 9239
16945 7873.5 15599
16847 26.5 28
16947 21.0 23
16748 10.0 13
16948 15.0 16
16749 6.5 12
16849 6.5 13
17845 1.5 82
17945 1.0 81
17846 1.0 5
17946 1.0 6
17948 0.0 3
17849 0.0 4
18945 1.0 70
18946 0.0 4
18947 1.0 6
12356 150.0 150
12456 141.0 142
12756 1.0 67
12856 6.0 87
12956 0.0 65
12357 143.0 143
12457 5.0 97
12657 1.0 8
12857 3.0 76
12957 0.0 6
12358 154.0 154
12458 146.0 147
12658 6571.0 13068
12758 150.5 151
12958 5005.5 9798
12359 149.0 149
12459 127.0 129
12659 6430.0 12826
12759 146.0 146
12859 0.5 66
13456 144.5 145
13756 1.0 70
13856 1.5 72
13956 1.0 81
13457 23087.0 46107
13657 143.0 143
13857 8983.5 17779
13957 134.0 135
13458 0.0 62
13658 2.0 73
13758 1.0 69
13958 1.0 64
13459 140.5 141
13659 23518.0 46962
13759 145.0 145
13859 8891.0 17579
14756 150.0 150
14856 7396.0 14698
14956 5171.5 10140
14657 0.0 79
14857 2.0 87
14957 1.0 83
14658 4.0 80
14758 154.0 154
14958 0.0 65
14659 0.0 64
14759 146.0 146
14859 6577.0 13136
16857 0.0 65
16957 0.0 7
16758 1.5 71
16958 0.5 67
16759 8409.5 16619
16859 6375.5 12815
17856 0.0 67
17956 2.0 68
17958 1.0 81
17859 23626.5 47182
18956 0.0 67
18957 0.5 81
12367 30.0 30
12467 2.0 7
12567 25.0 26
12867 33.0 34
12967 26.0 27
12368 20.0 20
12468 16.0 17
12568 20.0 20
12768 16.0 17
12968 18.0 19
12369 33.0 33
12469 4.0 8
12569 1.0 6
12769 1.0 5
12869 0.0 3
13467 8.0 14
13567 27.5 28
13867 10.5 15
13967 31.0 32
13468 20.0 20
13568 20.0 20
13768 15.0 17
13968 12.0 14
13469 28.5 29
13569 35.5 39
13769 29.0 30
13869 22.0 24
14567 2.0 11
14867 0.5 6
14967 53.0 56
14568 16.0 17
14768 20.0 20
14968 18.0 19
14569 2.0 9
14769 35.0 35
14869 0.5 4
15867 32.0 33
15967 32.0 32
15768 20.0 20
15968 22.0 22
15769 1.0 6
15869 0.0 5
17968 12.0 14
17869 1.0 6
18967 3.0 8
12378 36.0 36
12478 0.0 4
12578 1.0 7
12678 1.0 5
12978 24.0 26
12379 66.0 66
12479 0.0 5
12579 1.0 10
12679 1.0 7
12879 52.0 55
13478 1.0 5
13578 2.0 9
13678 1.0 5
13978 35.0 35
13479 1.0 7
13579 0.0 9
13679 0.0 5
13879 6.0 12
14578 1.0 5
14678 0.0 4
14978 3.0 7
14579 1.0 10
14679 0.0 5
14879 1.5 7
15678 2.0 6
15978 35.0 35
15679 1.5 11
15879 65.0 86
16978 30.0 31
16879 16.5 25
12389 30.0 30
12489 0.0 3
12589 1.0 7
12689 2.5 6
12789 21.5 23
13489 0.0 3
13589 0.0 6
13689 0.0 4
13789 30.0 30
14589 1.0 7
14689 2.0 6
14789 29.0 29
15689 0.0 6
15789 49.0 54
16789 20.0 22
23514 1.0 8
23614 1.0 5
23714 6.0 10
23814 1.0 5
23914 0.0 4
23415 1.5 85
23615 2.0 87
23715 0.5 81
23815 0.0 79
23915 23636.0 47196
23416 3.5 9
23516 57.0 57
23716 0.0 4
23816 0.0 4
23916 0.0 4
23417 1.0 7
23517 1.0 85
23617 2.0 8
23817 0.5 8
23917 2.0 9
23418 1.0 6
23518 2.5 87
23618 0.0 4
23718 42.0 45
23918 12.5 18
23419 0.0 5
23519 73.0 75
23619 0.0 6
23719 2.0 8
23819 0.0 5
24513 92.0 92
24613 0.0 4
24713 2.0 9
24813 8.0 17
24913 18.5 29
24615 0.0 68
24715 1.0 83
24815 1.0 71
24915 6800.5 13710
24516 10511.5 20820
24716 0.0 4
24816 13.5 19
24916 6.5 12
24517 91.5 92
24617 6.0 14
24817 0.0 4
24917 20.0 29
24518 10828.0 21435
24618 16.5 22
24718 3.0 8
24918 5.0 10
24519 61.0 61
24619 0.0 4
24719 0.0 5
24819 1.0 5
25613 76.0 78
25713 30925.0 61520
25813 128.0 128
25913 16504.5 32693
25614 0.0 80
25714 84.5 85
25814 87.0 87
25914 1.0 9
25716 54.0 54
25816 55.0 55
25916 35.0 38
25617 1.0 8
25817 96.0 96
25917 0.5 76
25618 8573.0 17102
25718 11180.5 22111
25918 7167.0 14391
25619 54.0 55
25719 64.0 66
25819 60.0 60
26713 16.5 28
26813 7.0 16
26913 0.0 6
26714 18.0 20
26814 0.0 3
26914 0.0 4
26715 1.0 68
26815 1.0 68
26915 6927.0 13801
26817 0.0 6
26917 0.0 5
26718 6.5 12
26918 15.5 21
26719 3.0 9
26819 0.0 4
27813 41.0 43
27913 8.0 13
27814 28.0 28
27914 20.5 22
27815 0.0 65
27915 8604.0 17019
27816 39.0 39
27916 7.0 11
27918 8.5 14
27819 1.0 7
28913 50.0 51
28914 2.0 5
28915 7.5 90
28916 24.0 25
28917 0.5 6
24635 0.5 70
24735 6557.0 13070
24835 0.0 65
24935 2.0 72
24536 0.0 6
24736 0.0 4
24836 0.0 3
24936 27.0 28
24537 10.0 12
24637 0.0 4
24837 3.0 7
24937 0.0 5
24538 12.0 26
24638 24.0 29
24738 9.5 15
24938 14.0 20
24539 2.0 8
24639 5.0 13
24739 0.0 6
24839 0.0 6
25634 46.5 62
25734 5.5 9
25834 22.0 22
25934 30.0 30
25736 1.0 7
25836 32.0 32
25936 29.5 30
25637 28.0 30
25837 20.0 20
25937 60.0 60
25638 61.0 80
25738 6.0 18
25938 56.0 75
25639 36.5 38
25739 0.5 10
25839 36.0 36
26734 9.5 17
26834 21.5 30
26934 2.0 8
26735 7336.0 14791
26835 0.5 70
26935 0.5 81
26837 3.0 7
26937 1.0 6
26738 7.5 13
26938 7.0 13
26739 20.0 29
26839 1.0 5
27834 26.0 26
27934 6.5 10
27835 3.5 76
27935 8521.0 16835
27836 0.0 4
27936 30.0 31
27938 6.0 12
27839 0.0 6
28934 24.0 25
28935 1.0 67
28936 27.0 28
28937 0.0 5
23645 144.0 145
23745 0.0 64
23845 5.0 83
23945 1.0 67
23546 9.0 12
23746 2.0 7
23846 2.0 6
23946 1.0 6
23547 0.0 5
23647 3.0 7
23847 1.0 5
23947 0.0 4
23548 16.0 17
23648 18.0 18
23748 20.0 21
23948 17.0 17
23549 21.0 22
23649 0.0 4
23749 24.0 25
23849 28.0 31
25746 26.0 26
25846 26.0 26
25946 29.0 29
25647 1.0 6
25847 35.0 35
25947 0.0 4
25648 1.5 5
25748 6.0 9
25948 13.5 15
25649 14.0 26
25749 23.0 24
25849 26.0 26
26745 6187.5 12235
26845 1.0 27
26945 5465.0 10842
26847 0.0 3
26947 1.0 5
26748 9.0 12
26948 3.0 6
26749 8.5 14
26849 29.5 36
27845 1.0 68
27945 2.0 71
27846 0.0 3
27946 1.0 5
27948 5.5 9
27849 5.0 10
28945 0.0 63
28946 1.0 5
28947 0.0 5
23456 7.5 16
23756 2.0 74
23856 3.5 73
23956 1.5 82
23457 6234.0 12433
23657 134.0 135
23857 2.0 71
23957 143.0 143
23458 5336.5 10560
23658 144.0 145
23758 7146.5 14157
23958 146.0 147
23459 0.0 7
23659 3.0 91
23759 0.0 7
23859 1.0 68
24756 5597.5 11069
24856 0.0 27
24956 6257.0 12443
24657 1.0 67
24857 1.0 71
24957 1.0 67
24658 0.0 22
24758 8.5 17
24958 6312.5 12531
24659 0.0 64
24759 0.0 7
24859 0.0 65
26857 0.0 65
26957 0.0 7
26758 5174.0 10243
26958 14.0 23
26759 0.5 66
26859 0.5 68
27856 4.0 77
27956 1.0 68
27958 15912.5 32056
27859 0.0 80
28956 0.0 65
28957 0.0 79
23467 14.0 20
23567 27.0 27
23867 16.5 17
23967 7.5 12
23468 8.0 10
23568 21.0 21
23768 11.0 13
23968 5.0 8
23469 21.0 23
23569 33.0 33
23769 21.0 24
23869 22.0 24
24567 9.0 20
24867 18.0 24
24967 15.5 22
24568 1.0 4
24768 4.0 7
24968 3.0 6
24569 0.0 6
24769 2.0 6
24869 1.0 5
25867 28.0 28
25967 29.5 30
25768 6.0 9
25968 9.5 12
25769 1.0 6
25869 32.0 32
27968 10.5 13
27869 0.0 5
28967 3.0 7
23478 1.0 5
23578 1.0 7
23678 0.0 3
23978 18.0 20
23479 1.0 7
23579 1.0 11
23679 1.0 6
23879 57.0 58
24578 1.5 8
24678 0.0 3
24978 13.5 16
24579 2.0 8
24679 1.0 6
24879 4.0 10
25678 0.0 5
25978 12.5 20
25679 2.0 8
25879 27.0 27
26978 27.0 27
26879 4.0 11
23489 0.0 4
23589 4.0 10
23689 1.0 5
23789 25.0 26
24589 0.0 5
24689 0.0 3
24789 27.0 27
25689 0.0 5
25789 4.0 10
26789 18.0 21
34512 85.5 86
34612 27.0 30
34712 4.0 9
34812 29.5 32
34912 31.0 34
34615 1.0 68
34715 0.5 81
34815 1.0 68
34915 8425.0 16672
34516 11093.5 21936
34716 52.5 54
34816 8.5 14
34916 7.5 13
34517 29927.5 59535
34617 44.0 47
34817 29.0 45
34917 6.5 12
34518 53.0 54
34618 36.0 39
34718 2.0 7
34918 16.5 22
34519 80.0 81
34619 2.0 9
34719 0.0 5
34819 0.0 5
35612 90.0 90
35712 115.0 115
35812 24020.5 47954
35912 132.0 138
35614 3.0 91
35714 108.0 108
35814 0.0 6
35914 1.0 9
35716 55.0 55
35816 49.0 50
35916 1.5 7
35617 0.0 81
35817 0.5 83
35917 0.5 83
35618 53.0 54
35718 59.0 59
35918 56.5 57
35619 74.0 79
35719 88.0 88
35819 75.0 77
36712 23.0 25
36812 26.0 27
36912 33.0 33
36714 26.0 27
36814 1.0 5
36914 32.0 32
36715 0.0 7
36815 2.0 9
36915 145.0 145
36817 0.0 8
36917 59.0 59
36718 35.0 38
36918 39.0 39
36719 4.0 11
36819 1.0 7
37812 29.0 30
37912 29.0 30
37814 25.0 26
37914 31.0 31
37815 1.0 8
37915 136.0 137
37816 34.0 35
37916 40.0 40
37918 48.0 49
37819 1.0 7
38912 31.5 32
38914 0.0 4
38915 145.0 145
38916 6.5 11
38917 0.5 8
34625 0.0 64
34725 2.0 71
34825 5940.5 11745
34925 0.0 64
34526 4.0 7
34726 19.0 20
34826 6.5 10
34926 6.0 9
34527 6.5 10
34627 25.0 25
34827 7.5 15
34927 6.5 10
34528 27.0 27
34628 1.0 5
34728 1.0 5
34928 0.0 4
34529 24.0 25
34629 2.0 7
34729 19.0 22
34829 14.0 24
35624 19.5 20
35724 22.0 22
35824 2.5 6
35924 17.0 18
35726 22.0 22
35826 4.5 8
35926 20.5 21
35627 16.0 18
35827 6.5 16
35927 28.0 28
35628 22.0 23
35728 39.0 39
35928 27.0 27
35629 29.0 31
35729 35.0 35
35829 53.5 70
36724 11.0 13
36824 4.0 7
36924 22.0 22
36725 2.0 72
36825 3.5 11
36925 151.0 151
36827 27.0 37
36927 29.0 29
36728 3.0 8
36928 27.0 27
36729 2.5 7
36829 7.0 16
37824 14.5 16
37924 21.0 21
37825 5788.0 11430
37925 2.0 70
37826 8.0 11
37926 18.0 19
37928 0.0 4
37829 75.5 85
38924 21.0 21
38925 145.5 146
38926 4.5 8
38927 14.0 24
35746 41.0 41
35846 26.0 26
35946 38.0 40
35647 0.0 5
35847 0.0 5
35947 2.0 7
35648 17.0 18
35748 23.0 23
35948 17.0 18
35649 1.0 10
35749 29.0 29
35849 38.5 40
36745 4946.5 9686
36845 6846.5 13622
36945 155.0 155
36847 1.5 6
36947 32.0 32
36748 21.0 22
36948 19.0 19
36749 46.0 48
36849 0.5 6
37845 1.0 70
37945 0.0 60
37846 4.0 9
37946 1.0 6
37948 19.0 20
37849 0.5 5
38945 0.0 66
38946 0.0 4
38947 0.0 5
34756 7681.0 15209
34856 4648.5 9188
34956 15977.0 32194
34657 0.0 63
34857 6868.0 13835
34957 8422.0 16624
34658 4.0 76
34758 0.0 66
34958 1.0 68
34659 0.0 79
34759 1.0 8
34859 1.0 68
36857 6686.5 13365
36957 147.0 147
36758 1.0 69
36958 155.0 155
36759 0.5 81
36859 2.5 89
37856 0.0 66
37956 0.0 77
37958 0.0 77
37859 0.0 80
38956 1.0 81
38957 23541.5 47014
34567 11.5 23
34867 6.0 12
34967 6.0 12
34568 1.0 4
34768 15.0 16
34968 6.0 9
34569 13.0 23
34769 24.0 26
34869 24.5 26
35867 8.5 12
35967 0.0 4
35768 20.0 20
35968 20.5 21
35769 48.0 48
35869 33.0 33
37968 2.0 6
37869 0.0 5
38967 0.0 4
34578 1.5 8
34678 2.0 6
34978 23.0 24
34579 0.0 9
34679 1.0 6
34879 11.5 19
35678 2.0 9
35978 60.5 66
35679 2.0 12
35879 68.5 91
36978 27.0 27
36879 1.0 6
34589 2.0 6
34689 0.0 4
34789 23.0 24
35689 2.0 6
35789 29.0 29
36789 0.0 4
45612 89.0 89
45712 0.0 6
45812 2.0 87
45912 0.0 7
45613 91.0 91
45713 0.0 82
45813 1.0 8
45913 2.0 82
45716 1.0 82
45816 8620.0 17186
45916 7072.5 14203
45617 122.0 122
45817 83.5 85
45917 16586.0 32860
45618 59.0 59
45718 60.0 60
45918 43.5 46
45619 61.0 61
45719 78.0 78
45819 48.0 50
46712 1.0 5
46812 0.0 4
46912 0.0 4
46713 0.0 7
46813 3.0 11
46913 0.0 7
46715 0.0 79
46815 1.0 68
46915 5.0 81
46817 5.0 14
46917 52.0 53
46718 2.0 7
46918 28.5 29
46719 2.0 8
46819 1.0 5
47812 1.0 5
47912 1.0 6
47813 0.0 6
47913 0.5 7
47815 2.0 87
47915 23587.0 47098
47816 4.0 9
47916 10.5 16
47918 0.0 5
47819 0.0 5
48912 1.5 6
48913 1.0 8
48915 6795.5 13546
48916 13.5 19
48917 1.0 7
45623 35.0 35
45723 2.0 8
45823 0.0 6
45923 0.0 4
45726 16.0 17
45826 1.0 4
45926 11.0 13
45627 23.0 23
45827 25.0 37
45927 29.0 29
45628 22.0 22
45728 22.0 22
45928 32.0 33
45629 25.0 25
45729 24.0 25
45829 12.0 25
46723 0.0 4
46823 0.0 3
46923 2.0 7
46725 3.0 75
46825 1.5 22
46925 2.0 70
46827 21.0 31
46927 23.0 24
46728 0.0 3
46928 0.0 4
46729 25.0 26
46829 33.0 44
47823 0.0 4
47923 1.0 6
47825 149.0 149
47925 3.0 73
47826 20.0 20
47926 20.0 20
47928 1.0 6
47829 0.0 6
48923 0.0 4
48925 5417.5 10721
48926 5.5 8
48927 2.0 9
45736 0.0 6
45836 0.0 6
45936 13.0 22
45637 20.0 20
45837 31.0 31
45937 41.0 43
45638 28.0 28
45738 24.0 25
45938 24.5 27
45639 33.0 33
45739 2.0 13
45839 1.0 7
46735 3.0 75
46835 0.0 64
46935 0.0 80
46837 3.0 7
46937 3.0 9
46738 27.0 28
46938 0.5 5
46739 47.0 49
46839 0.0 6
47835 135.0 136
47935 145.0 145
47836 2.0 6
47936 16.0 19
47938 5.5 11
47839 3.0 10
48935 1.0 8
48936 15.0 18
48937 1.0 7
46857 1.5 73
46957 3.0 74
46758 0.0 62
46958 0.0 65
46759 3.0 74
46859 0.0 66
47856 149.0 149
47956 149.0 149
47958 0.5 79
47859 0.0 80
48956 8.5 17
48957 2.0 87
45867 39.0 53
45967 48.0 62
45768 20.0 20
45968 15.5 17
45769 4.0 12
45869 1.5 9
47968 3.0 6
47869 1.0 7
48967 6.0 12
45678 27.0 27
45978 30.0 30
45679 32.0 32
45879 44.0 44
46978 22.0 23
46879 1.0 5
45689 30.0 30
45789 30.0 30
46789 23.0 24
56712 2.0 9
56812 0.0 80
56912 2.0 10
56713 0.5 84
56813 1.0 8
56913 0.0 75
56714 24557.5 49021
56814 1.0 84
56914 0.0 80
56817 0.0 6
56917 1.0 78
56718 50.5 52
56918 42.5 45
56719 78.0 78
56819 48.0 50
57812 2.0 87
57912 1.0 9
57813 0.0 82
57913 0.0 82
57814 88.0 88
57914 146.0 151
57816 54.0 54
57916 45.5 47
57918 3.5 10
57819 56.0 59
58912 1.0 83
58913 0.0 75
58914 1.0 9
58916 48.0 49
58917 1.0 78
56723 0.0 5
56823 0.0 6
56923 1.0 5
56724 1.5 5
56824 0.0 4
56924 18.0 19
56827 12.5 23
56927 29.0 29
56728 26.0 26
56928 21.0 22
56729 25.0 26
56829 24.0 38
57823 1.0 8
57923 3.0 10
57824 22.5 23
57924 18.0 19
57826 21.0 21
57926 20.0 20
57928 30.0 33
57829 1.0 10
58923 0.0 7
58924 20.0 21
58926 18.5 19
58927 1.0 9
56734 11.0 23
56834 16.0 29
56934 0.0 8
56837 11.0 13
56937 58.0 60
56738 4.0 8
56938 33.5 35
56739 73.0 100
56839 50.0 50
57834 23.0 24
57934 30.0 30
57836 1.0 7
57936 59.0 64
57938 2.0 7
57839 1.0 11
58934 31.0 31
58936 33.0 33
58937 59.0 62
56847 1.5 7
56947 0.0 5
56748 6.5 10
56948 19.5 20
56749 59.0 74
56849 34.0 48
57846 21.0 22
57946 26.0 26
57948 23.0 23
57849 31.0 32
58946 26.0 26
58947 2.0 7
57968 15.5 17
57869 0.0 5
58967 22.0 24
56978 29.0 29
56879 42.0 42
56789 29.0 29
67812 0.0 4
67912 1.0 5
67813 0.0 7
67913 2.0 10
67814 26.0 26
67914 19.0 21
67815 0.0 6
67915 135.0 136
67918 3.0 8
67819 1.0 6
68912 1.0 5
68913 0.0 6
68914 0.0 3
68915 144.0 144
68917 0.0 6
67823 0.0 4
67923 0.0 4
67824 7.5 10
67924 20.0 20
67825 6286.0 12449
67925 2.0 72
67928 0.0 4
67829 1.0 7
68923 4.0 9
68924 21.0 21
68925 141.0 142
68927 4.0 12
67834 10.0 17
67934 10.0 17
67835 6456.0 12886
67935 23608.0 47148
67938 1.0 6
67839 1.5 7
68934 3.0 9
68935 0.0 80
68937 0.0 5
67845 7.5 16
67945 150.5 151
67948 5.5 9
67849 2.5 8
68945 144.0 145
68947 0.0 5
67958 2.0 84
67859 2.5 89
68957 2.0 87
78912 35.0 35
78913 56.0 56
78914 27.0 27
78915 145.0 145
78916 38.0 38
78923 38.0 38
78924 21.0 21
78925 151.0 151
78926 21.0 21
78934 30.0 30
78935 145.0 145
78936 34.0 34
78945 154.0 154
78946 26.0 26
78956 149.0 149
135246 0.0 14
135247 1.5 18
135248 0.0 15
135249 0.0 14
136245 0.0 59
136247 1.5 13
136248 1.0 12
136249 7.0 17
137245 102.0 102
137246 0.0 9
137248 2.0 10
137249 1.0 24
138245 8147.0 16173
138246 1.0 8
138247 2.0 12
138249 12.5 26
139245 0.0 6
139246 2.0 10
139247 0.0 20
139248 0.0 7
134256 0.0 55
134257 23021.5 45879
134258 142.0 142
134259 0.5 58
136257 0.0 59
136258 149.0 149
136259 23445.5 46733
137256 0.0 8
137258 102.0 102
137259 0.5 39
138256 8134.5 16149
138257 8796.5 17608
138259 8688.0 17408
139256 99.5 100
139257 0.0 36
139258 103.0 103
134267 9.5 19
134268 0.0 9
134269 0.5 12
135267 0.0 14
135268 0.0 14
135269 2.5 21
137268 0.0 9
137269 0.0 20
138267 9.0 21
138269 0.5 9
139267 1.0 23
139268 2.0 9
134278 11.0 11
134279 5.0 7
135278 0.0 15
135279 12.5 14
136278 1.0 4
136279 4.5 7
138279 14.0 28
139278 0.0 19
134289 1.0 4
135289 3.0 22
136289 10.0 10
137289 0.0 20
145236 1.0 14
145237 0.0 18
145238 0.0 11
145239 0.0 12
146235 0.0 9
146237 4.0 16
146238 0.0 9
146239 0.0 13
148235 0.0 9
148236 0.0 9
148237 1.0 11
148239 0.0 9
149235 1.0 13
149236 0.0 15
149237 0.0 11
149238 3.0 18
146257 70.0 70
146258 69.0 69
146259 0.0 8
148256 5.5 85
148257 13.0 25
148259 0.0 65
149256 1.5 69
149257 58.5 59
149258 61.0 61
145267 0.5 12
145268 0.0 11
145269 1.0 14
148267 7.5 16
148269 0.5 8
149267 0.0 21
149268 2.0 20
145278 2.0 16
145279 0.0 11
146278 1.0 4
146279 2.0 11
148279 12.5 26
149278 0.0 3
145289 0.0 11
146289 0.0 7
156234 0.5 18
156237 0.0 26
156238 0.0 20
156239 1.0 19
157234 4.0 23
157236 2.0 20
157238 0.0 14
157239 0.5 16
158234 0.0 12
158236 1.0 7
158237 0.0 20
158239 12.0 20
156247 0.0 11
156248 0.0 12
156249 7.0 16
157246 0.0 14
157248 0.0 15
157249 0.5 16
158246 0.0 12
158247 0.5 19
158249 6.5 15
157268 0.0 14
157269 0.0 15
158267 1.5 22
158269 12.5 20
156278 0.0 12
156279 1.0 14
158279 29.0 65
156289 0.0 11
157289 0.0 14
167234 0.5 11
167235 1.0 72
167238 0.0 9
167239 1.0 12
168234 0.0 10
168235 0.0 59
168237 1.0 12
168239 1.0 13
169234 0.0 22
169235 61.0 61
169237 0.0 10
169238 0.0 3
167245 8053.5 15990
167248 0.0 6
167249 8.5 18
168245 0.0 59
168247 0.0 9
168249 14.5 29
169245 0.0 67
169247 0.0 16
169248 1.0 17
167258 139.0 139
167259 1.0 73
168257 2638.5 5277
168259 2218.0 4481
169257 0.0 10
169258 61.0 61
168279 17.0 37
169278 2.0 14
167289 0.0 8
178234 2.0 13
178235 0.0 54
178236 0.0 9
178239 0.5 10
179234 0.0 22
179235 0.0 38
179236 0.0 22
179238 1.0 26
178245 1.0 59
178246 0.0 8
178249 12.5 26
179245 1.0 9
179246 0.0 8
179248 3.0 11
178256 0.0 54
178259 0.0 79
179256 0.0 8
179258 101.0 101
178269 1.0 11
179268 0.0 8
189234 0.0 19
189235 3.0 78
189236 0.0 18
189237 4.0 40
189245 0.0 67
189246 1.0 20
189247 0.0 30
189256 1.0 71
189257 7762.0 15454
189267 0.5 31
125346 2.0 19
125347 0.0 15
125348 0.5 16
125349 0.0 14
126345 11.5 21
126347 1.0 9
126348 6.0 13
126349 7.0 14
127345 23416.5 46678
127346 9.0 9
127348 10.0 20
127349 4.5 7
128345 70.5 71
128346 0.0 3
128347 3.0 14
128349 2.0 11
129345 62.0 62
129346 0.0 3
129347 0.0 10
129348 1.5 24
124356 1.0 50
124357 174.0 174
124358 1.0 50
124359 0.0 45
126357 85.0 85
126358 6496.5 12877
126359 6395.5 12692
127356 1.0 83
127358 0.5 81
127359 0.0 79
128356 73.0 73
128357 81.0 81
128359 77.0 77
129356 56.0 57
129357 62.0 62
129358 4790.0 9597
124367 8.0 8
124368 0.0 6
124369 9.0 9
125367 1.0 17
125368 0.0 9
125369 19.0 19
127368 0.0 8
127369 10.0 10
128367 0.0 11
128369 11.0 11
129367 0.0 9
129368 0.0 20
124378 9.0 9
124379 7.0 7
125378 1.0 17
125379 0.0 15
126378 9.0 9
126379 10.0 10
128379 0.0 13
129378 1.0 22
124389 0.0 2
125389 13.5 14
126389 2.5 4
127389 1.0 11
146357 79.0 79
146358 0.0 9
146359 1.0 15
148356 5.0 84
148357 89.0 89
148359 1.0 69
149356 1.0 67
149357 60.0 60
149358 1.0 11
145367 0.0 18
145368 1.0 13
145369 17.0 17
148367 9.0 9
148369 9.0 9
149367 3.0 30
149368 0.0 15
145378 0.0 19
145379 2.0 24
146378 3.0 14
146379 1.0 15
148379 9.0 9
149378 1.0 10
145389 1.0 14
146389 2.0 18
156347 0.0 26
156348 1.0 23
156349 39.5 82
157346 0.0 8
157348 0.5 16
157349 13.0 14
158346 1.0 15
158347 0.0 19
158349 0.0 12
157368 0.0 15
157369 17.0 17
158367 1.0 23
158369 19.0 19
156378 0.0 26
156379 2.0 32
158379 3.0 28
156389 3.5 30
157389 0.0 15
167345 8234.5 16478
167348 8.0 18
167349 11.5 23
168345 2575.5 5158
168347 0.0 8
168349 14.5 31
169345 7718.5 15368
169347 3.0 30
169348 0.0 22
167358 1.0 72
167359 0.5 71
168357 138.0 138
168359 2959.0 5880
169357 59.0 59
169358 60.0 60
168379 2.0 12
169378 0.0 10
167389 1.0 10
178345 1.0 58
178346 1.0 4
178349 5.0 8
179345 0.0 38
179346 0.0 22
179348 2.0 29
178356 0.0 54
178359 0.0 79
179356 0.0 38
179358 0.0 38
178369 12.0 12
179368 0.0 22
189345 1.0 9
189346 3.0 12
189347 1.0 9
189356 0.0 7
189357 60.0 60
189367 3.0 12
126457 0.0 8
126458 1.0 68
126459 0.0 65
127456 143.0 143
127458 0.0 56
127459 0.5 58
128456 75.0 75
128457 1.0 11
128459 0.5 9
129456 62.0 62
129457 0.0 9
129458 1.5 68
125467 0.0 14
125468 0.0 13
125469 0.0 13
127468 0.0 8
127469 0.0 2
128467 0.0 11
128469 0.0 7
129467 2.0 14
129468 2.0 19
125478 0.0 14
125479 1.0 16
126478 0.0 8
126479 0.0 7
128479 0.0 13
129478 0.0 14
125489 0.0 13
126489 0.0 5
127489 1.5 12
136457 0.0 59
136458 0.0 58
136459 0.0 79
137456 102.0 102
137458 1.0 8
137459 0.0 38
138456 139.0 139
138457 0.0 69
138459 0.5 71
139456 102.0 102
139457 0.0 36
139458 1.0 8
135467 0.0 14
135468 0.0 14
135469 0.0 15
137468 2.0 11
137469 1.0 24
138467 0.0 8
138469 0.0 8
139467 0.0 19
139468 0.0 6
135478 2.0 18
135479 0.0 14
136478 0.0 9
136479 1.0 11
138479 0.0 8
139478 0.0 20
135489 1.0 16
136489 0.0 10
137489 0.0 21
157468 0.0 15
157469 3.0 13
158467 0.0 18
158469 0.0 12
156478 0.0 3
156479 8.5 13
158479 1.0 21
156489 11.5 17
157489 2.5 21
167458 8149.5 16174
167459 8210.0 16451
168457 0.0 59
168459 2218.0 4481
169457 6.0 88
169458 6.0 88
168479 1.5 12
169478 0.0 17
167489 1.5 10
178456 147.0 147
178459 23556.0 46947
179456 102.0 102
179458 102.0 102
178469 10.0 10
179468 1.0 7
189456 59.0 59
189457 59.0 59
189467 1.0 4
124567 0.0 45
124568 0.0 45
124569 1.0 50
127568 1.0 60
127569 0.0 56
128567 0.0 12
128569 0.0 5
129567 1.0 11
129568 0.0 63
124578 0.0 45
124579 1.0 50
126578 1.0 68
126579 1.0 68
128579 1.0 15
129578 5.0 80
124589 1.0 50
126589 0.0 65
127589 0.0 56
134567 0.5 81
134568 0.0 54
134569 0.0 55
137568 0.0 8
137569 0.0 38
138567 0.5 71
138569 0.0 69
139567 2.0 43
139568 1.0 8
134578 1.0 83
134579 0.0 79
136578 0.0 59
136579 0.0 79
138579 0.5 71
139578 0.0 36
134589 0.0 56
136589 0.0 79
137589 1.0 41
148567 7293.5 14470
148569 1.0 70
149567 4968.0 9948
149568 0.0 63
146578 70.0 70
146579 76.0 76
148579 6559.0 13002
149578 60.0 60
146589 0.0 5
168579 2925.5 5817
169578 0.0 10
167589 0.0 69
178569 1.0 83
179568 1.0 8
189567 60.0 60
124678 0.0 6
124679 0.0 2
125678 1.0 15
125679 0.0 13
128679 3.0 20
129678 0.0 15
124689 1.0 8
125689 0.0 10
127689 0.0 9
134678 0.0 9
134679 0.0 11
135678 0.0 14
135679 1.5 19
138679 1.5 10
139678 0.0 19
134689 0.0 10
135689 1.0 17
137689 0.0 20
145678 1.0 11
145679 17.0 17
148679 1.5 3
149678 0.0 21
145689 0.0 9
158679 3.0 26
157689 3.0 23
124789 8.0 8
125789 17.0 17
126789 9.0 9
134789 9.0 9
135789 18.0 18
136789 10.0 10
145789 16.0 16
146789 10.0 10
156789 19.0 19
235146 0.0 20
235147 94.0 94
235148 1.0 11
235149 2.0 27
236145 1.0 51
236147 9.0 9
236148 0.0 6
236149 8.0 8
237145 55.0 56
237146 2.0 6
237148 0.0 16
237149 1.0 10
238145 74.0 74
238146 1.0 4
238147 13.0 13
238149 3.0 15
239145 1.0 83
239146 10.0 10
239147 11.0 11
239148 0.0 8
234156 12.0 20
234157 6199.5 12292
234158 5222.0 10377
234159 87.0 87
236157 2.0 55
236158 0.0 46
236159 173.0 173
237156 61.0 61
237158 7005.5 13941
237159 60.0 60
238156 71.5 72
238157 77.0 77
238159 76.0 76
239156 23559.0 46960
239157 0.0 79
239158 0.5 81
234167 6.0 13
234168 5.0 11
234169 4.0 12
235167 0.0 19
235168 0.0 19
235169 0.0 21
237168 1.0 18
237169 2.0 12
238167 1.0 8
238169 3.0 15
239167 6.0 9
239168 8.5 18
234178 2.5 4
234179 9.0 9
235178 90.5 91
235179 0.0 21
236178 0.0 2
236179 7.0 7
238179 0.0 14
239178 0.5 9
234189 8.0 8
235189 0.0 21
236189 7.0 7
237189 4.0 25
245136 0.0 74
245137 0.0 66
245138 0.5 76
245139 0.0 67
246135 40.0 40
246137 0.0 3
246138 0.0 6
246139 2.0 5
247135 6513.5 12929
247136 1.5 3
247138 6.0 12
247139 9.0 9
248135 25.0 28
248136 0.0 4
248137 0.0 3
248139 0.0 3
249135 3564.5 7061
249136 0.0 10
249137 0.0 9
249138 15.0 33
246157 41.0 41
246158 5.5 12
246159 40.0 40
247156 5471.5 10888
247158 12.0 20
247159 87.0 87
248156 7.5 13
248157 43.0 43
248159 44.0 44
249156 2615.5 5280
249157 3346.5 6650
249158 2549.0 5148
245167 0.5 75
245168 20909.5 41834
245169 3.0 85
247168 5.0 10
247169 8.0 8
248167 0.0 5
248169 0.0 4
249167 12.0 29
249168 10.0 20
245178 0.0 74
245179 0.0 67
246178 0.0 5
246179 1.0 4
248179 2.0 5
249178 0.0 9
245189 3.0 85
246189 0.0 5
247189 0.0 7
256134 0.0 29
256137 3.0 40
256138 0.0 68
256139 0.0 29
257134 5.5 104
257136 6.5 107
257138 41510.5 83102
257139 4.0 98
259134 1.5 82
259136 0.5 78
259137 1.0 80
259138 16204.0 32497
256147 88.0 88
256148 8526.0 16907
256149 0.0 25
257146 0.0 62
257148 0.5 78
257149 0.0 62
259146 0.0 22
259147 86.0 86
259148 2264.5 4530
257168 0.5 78
257169 2.0 72
259167 0.5 23
259168 1915.0 3872
256178 1.0 71
256179 0.0 26
259178 3058.5 6015
256189 3.0 79
257189 0.0 76
267134 0.0 8
267135 3623.5 7173
267138 11.0 24
267139 0.0 9
268134 2.0 9
268135 35.0 36
268137 2.0 6
268139 0.0 3
269134 2.0 4
269135 6875.0 13634
269137 9.0 9
269138 7.0 16
267145 1.0 65
267148 0.0 8
267149 2.0 13
268145 41.0 41
268147 8.0 8
268149 1.0 9
269145 0.0 65
269147 10.0 10
269148 0.5 7
267158 2972.5 5945
267159 138.0 138
268157 41.0 41
268159 41.0 41
269157 1.0 69
269158 0.0 65
268179 0.0 3
269178 0.0 8
267189 4.0 14
278134 0.0 12
278135 0.0 13
278136 2.0 17
278139 0.0 12
279134 1.5 10
279135 1.0 73
279136 1.0 12
279138 10.5 21
278145 1.0 14
278146 0.0 12
278149 0.0 11
279145 0.0 69
279146 0.0 8
279148 0.0 8
278156 0.0 12
278159 77.0 77
279156 0.0 69
279158 8417.0 16857
278169 0.0 12
279168 7.0 17
289134 1.0 15
289135 1.0 15
289136 0.0 13
289137 0.0 13
289145 1.0 7
289146 1.0 10
289147 11.0 11
289156 1.0 10
289157 85.5 86
289167 1.5 10
246357 40.0 40
246358 5.5 13
246359 41.0 41
247356 1.0 69
247358 0.0 65
247359 1.0 69
248356 43.0 43
248357 43.0 43
248359 43.0 43
249356 1.0 65
249357 139.0 139
249358 3670.5 7272
245367 1.0 6
245368 14.5 20
245369 13.0 13
247368 0.0 4
247369 9.0 9
248367 1.0 6
248369 9.0 9
249367 0.0 11
249368 0.0 11
245378 1.0 7
245379 0.0 5
246378 0.0 6
246379 1.0 4
248379 2.0 5
249378 3.0 14
245389 0.0 4
246389 0.0 5
247389 0.0 7
256347 3.0 26
256348 30.5 69
256349 1.0 21
257346 0.0 11
257348 6.5 14
257349 1.0 13
259346 0.0 21
259347 0.0 28
259348 1.5 26
257368 10.0 16
257369 18.0 18
259367 0.0 29
259368 0.5 23
256378 2.0 24
256379 1.0 21
259378 0.0 28
256389 0.5 19
257389 10.5 16
267345 2619.5 5289
267348 13.0 26
267349 11.5 29
268345 7.0 16
268347 1.0 8
268349 0.0 7
269345 5378.5 10688
269347 5.0 6
269348 6.0 13
267358 2502.0 5052
267359 3433.0 6814
268357 41.0 41
268359 41.0 41
269357 87.0 87
269358 10.0 20
268379 0.0 3
269378 0.0 8
267389 0.0 9
278345 0.5 9
278346 1.0 10
278349 0.0 8
279345 0.0 69
279346 0.0 10
279348 9.0 19
278356 1.0 7
278359 82.0 82
279356 0.0 69
279358 8315.0 16666
278369 12.0 12
279368 0.0 10
289345 0.0 9
289346 0.0 10
289347 1.0 12
289356 0.0 9
289357 76.0 76
289367 1.0 12
236457 0.0 47
236458 0.0 46
236459 0.0 46
237456 61.0 61
237458 0.0 66
237459 1.0 9
238456 74.0 74
238457 1.0 7
238459 0.0 9
239456 147.0 147
239457 0.0 57
239458 1.0 62
235467 3.0 21
235468 0.0 12
235469 0.0 13
237468 3.0 21
237469 1.0 11
238467 0.0 6
238469 2.0 13
239467 0.0 3
239468 0.0 8
235478 0.0 8
235479 0.0 10
236478 1.0 8
236479 0.0 2
238479 1.0 17
239478 0.0 8
235489 1.0 12
236489 0.0 6
237489 0.0 15
257468 0.0 10
257469 0.0 11
259467 0.0 17
259468 0.0 18
256478 10.0 10
256479 0.0 5
259478 0.0 15
256489 13.5 20
257489 0.5 11
267458 0.5 63
267459 3429.5 6826
268457 41.0 41
268459 7.0 17
269457 1.0 67
269458 0.0 63
268479 0.0 7
269478 0.0 8
267489 0.5 9
278456 72.0 72
278459 66.0 67
279456 140.0 140
279458 8071.5 16028
278469 1.0 5
279468 0.0 6
289456 68.0 68
289457 68.0 68
289467 1.0 4
234567 0.5 66
234568 0.5 65
234569 0.0 6
237568 1.5 72
237569 0.0 8
238567 0.0 6
238569 0.0 9
239567 0.0 57
239568 0.0 58
234578 1.0 68
234579 1.0 68
236578 1.0 51
236579 0.0 46
238579 0.0 14
239578 0.0 58
234589 1.0 66
236589 0.0 46
237589 5.0 84
247568 0.0 63
247569 0.0 63
248567 6.0 12
248569 43.0 43
249567 3576.0 7101
249568 0.0 62
246578 34.0 35
246579 40.0 40
248579 37.0 38
249578 1.0 65
246589 40.0 40
247589 1.0 8
268579 41.0 41
269578 0.0 8
267589 1.0 64
278569 73.0 73
279568 8071.5 16028
289567 68.0 68
234678 0.0 5
234679 0.0 6
235678 0.0 12
235679 0.0 14
238679 0.0 14
239678 2.0 11
234689 0.0 6
235689 0.0 13
237689 0.0 14
245678 11.5 17
245679 0.0 4
248679 0.0 5
249678 1.0 11
245689 11.0 11
247689 0.0 7
259678 1.0 22
257689 1.0 5
234789 8.0 8
235789 18.0 18
236789 7.0 7
245789 13.0 13
246789 8.0 8
256789 11.0 11
345126 0.5 78
345127 7.5 110
345128 0.0 69
345129 0.0 69
346125 0.0 10
346127 0.0 12
346128 0.0 11
346129 4.0 17
347125 61.0 61
347126 0.0 19
347128 1.0 4
347129 1.0 9
348125 1.0 65
348126 0.0 12
348127 1.5 16
348129 2.0 17
349125 0.0 69
349126 3.0 17
349127 1.0 13
349128 0.0 10
346157 0.0 11
346158 1.0 14
346159 76.0 76
347156 7515.5 14969
347158 60.0 60
347159 59.0 59
348156 2758.0 5518
348157 3253.0 6450
348159 138.0 138
349156 8247.5 16513
349157 0.0 69
349158 0.0 69
345167 40434.0 80938
345168 1.0 80
345169 0.0 76
347168 1.5 24
347169 3.0 28
348167 19.5 40
348169 0.0 8
349167 11.0 22
349168 6.0 16
345178 5.5 103
345179 4.0 98
346178 2.0 16
346179 1.0 14
348179 1.0 11
349178 1.0 11
345189 1.0 75
346189 3.0 18
347189 1.0 10
356124 0.0 25
356127 0.0 25
356128 0.0 24
356129 0.0 25
358124 5.0 98
358126 3.5 92
358127 23930.5 47724
358129 0.0 79
359124 2.0 39
359126 4.0 45
359127 0.0 32
359128 0.0 32
356147 169.0 169
356148 1.0 26
356149 0.0 23
358146 1.0 22
358147 92.0 92
358149 2.0 36
359146 3.0 25
359147 53.0 53
359148 0.0 21
358167 0.0 21
358169 0.0 29
359167 49.5 50
359168 0.5 23
356178 1.0 26
356179 5.0 37
358179 1.0 32
359178 3.0 30
356189 0.0 22
367124 0.0 15
367125 3.0 15
367128 2.0 16
367129 0.0 9
368124 0.0 8
368125 1.0 10
368127 0.0 8
368129 1.0 11
367145 5.0 80
367148 0.0 15
367149 2.0 23
368145 0.0 65
368147 10.0 10
368149 9.0 9
367158 1.0 14
367159 61.0 61
368157 0.0 65
368159 91.0 91
368179 8.0 8
367189 0.0 12
378124 0.0 14
378125 3.0 74
378126 0.0 15
378129 2.0 30
379124 0.0 23
379125 1.0 39
379126 0.0 23
379128 0.0 23
378145 1.0 12
378146 1.0 13
378149 1.0 12
379145 0.0 36
379146 0.0 23
379148 0.0 22
378156 1.0 13
378159 59.0 59
379156 1.0 39
379158 0.0 36
378169 0.0 11
379168 1.0 27
389124 0.0 11
389125 0.0 56
389126 0.5 12
389127 0.0 11
389145 1.0 60
389146 1.0 4
389147 11.0 11
389156 0.0 56
389157 1.0 83
389167 5.0 7
346257 0.0 8
346258 70.0 70
346259 70.0 70
347256 0.0 67
347258 60.0 60
347259 0.0 7
348256 0.0 61
348257 2536.5 5121
348259 3268.5 6509
349256 8145.5 16167
349257 0.5 71
349258 133.0 133
345267 7.0 15
345268 0.0 12
345269 0.5 12
347268 1.0 16
347269 0.0 16
348267 13.0 26
348269 1.5 12
349267 8.5 18
349268 3.0 11
345278 0.0 11
345279 1.0 14
346278 1.0 10
346279 0.0 8
348279 15.5 32
349278 0.0 8
345289 0.0 11
346289 1.0 4
347289 2.0 11
356247 1.0 15
356248 0.0 12
356249 1.5 18
358246 0.0 15
358247 9.5 15
358249 1.5 25
359246 0.0 17
359247 1.0 20
359248 0.0 18
358267 6.5 15
358269 0.5 22
359267 0.5 18
359268 0.0 18
356278 2.0 15
356279 0.0 14
358279 34.5 76
359278 0.0 18
356289 1.0 17
367245 1.0 66
367248 2.0 21
367249 2.0 23
368245 1.0 69
368247 0.0 8
368249 5.5 12
367258 62.0 62
367259 59.5 60
368257 0.5 67
368259 16.0 25
368279 10.5 24
367289 1.0 4
378245 6.0 84
378246 3.0 22
378249 1.5 28
379245 0.0 8
379246 1.0 10
379248 0.0 8
378256 0.0 64
378259 5643.0 11226
379256 1.0 10
379258 98.0 98
378269 0.0 23
379268 0.0 8
389245 0.0 56
389246 0.0 10
389247 0.0 10
389256 0.0 56
389257 0.5 81
389267 13.5 29
358467 0.0 14
358469 0.0 21
359467 0.0 16
359468 0.0 17
356478 1.0 11
356479 18.0 18
358479 2.5 28
359478 3.0 27
356489 0.0 9
367458 0.0 63
367459 4734.0 9481
368457 1.0 69
368459 6775.0 13425
368479 3.5 5
367489 0.0 17
378456 60.0 60
378459 60.0 60
379456 98.0 98
379458 0.0 8
378469 0.0 3
379468 1.0 10
389456 146.0 146
389457 1.0 83
389467 9.0 9
347568 7.0 91
347569 6.0 88
348567 2315.5 4679
348569 0.0 59
349567 8202.5 16444
349568 8073.5 16029
346578 0.0 5
346579 74.0 74
348579 3185.5 6323
349578 1.0 73
346589 70.0 70
347589 0.0 8
368579 6678.0 13232
367589 61.0 61
378569 60.0 60
379568 98.0 98
389567 23472.5 46782
345678 7.5 14
345679 14.5 23
348679 0.0 9
349678 0.0 8
345689 2.0 8
347689 0.0 16
358679 0.5 21
359678 2.5 25
345789 18.0 18
346789 10.0 10
356789 16.0 16
457123 88.0 88
457126 1.0 10
457128 0.0 21
457129 1.0 25
458123 93.0 93
458126 8563.5 16985
458127 0.0 30
458129 0.0 23
459123 90.0 90
459126 2246.0 4491
459127 0.0 76
459128 0.0 22
457136 91.0 91
457138 1.0 24
457139 0.0 22
458136 1.0 72
458137 1.0 33
458139 1.0 27
459136 3025.0 5947
459137 2.0 84
459138 0.0 23
457168 0.0 21
457169 0.0 22
458167 0.5 70
458169 4.0 82
459167 16285.5 32659
459168 1873.5 3790
458179 0.0 30
459178 0.0 76
457189 0.0 22
467123 10.0 10
467125 70.0 70
467128 1.0 4
467129 0.0 9
468123 12.0 12
468125 36.0 37
468127 1.0 8
468129 0.0 7
469123 12.0 12
469125 1.0 7
469127 2.0 17
469128 1.0 11
467135 81.0 81
467138 1.0 10
467139 0.0 12
468135 41.0 41
468137 0.0 3
468139 0.0 2
469135 84.0 84
469137 0.0 13
469138 0.5 10
467158 68.0 68
467159 81.0 81
468157 34.0 36
468159 42.0 42
469157 0.0 13
469158 0.5 10
468179 0.0 3
469178 0.0 13
467189 1.0 11
478123 10.0 10
478125 0.0 48
478126 0.0 7
478129 10.0 10
479123 11.0 11
479125 1.0 83
479126 0.0 8
479128 12.0 12
478135 1.0 52
478136 1.0 3
478139 9.0 9
479135 0.0 79
479136 0.5 9
479138 5.5 9
478156 0.0 48
478159 164.0 164
479156 0.5 81
479158 23512.0 46865
478169 6.0 7
479168 7.5 16
489123 10.0 10
489125 0.0 65
489126 0.0 5
489127 2.0 4
489135 0.0 65
489136 0.0 6
489137 10.0 10
489156 0.5 67
489157 6752.5 13399
489167 6.0 14
457236 1.0 10
457238 0.0 14
457239 0.0 12
458236 11.0 11
458237 0.0 17
458239 2.0 7
459236 1.0 17
459237 3.0 31
459238 3.0 29
457268 0.0 15
457269 0.0 12
458267 25.0 55
458269 12.5 18
459267 0.0 19
459268 0.0 20
458279 0.5 18
459278 0.0 20
457289 0.0 14
467235 0.0 5
467238 1.0 10
467239 3.0 18
468235 41.0 41
468237 0.0 6
468239 0.0 7
469235 69.0 69
469237 0.0 9
469238 0.0 2
467258 69.0 69
467259 2.0 13
468257 11.0 21
468259 12.0 25
469257 1.0 11
469258 70.0 70
468279 0.0 8
469278 0.0 9
467289 0.0 9
478235 0.0 48
478236 0.0 7
478239 0.0 2
479235 0.0 57
479236 0.0 7
479238 0.0 3
478256 0.0 48
478259 0.0 48
479256 0.0 58
479258 149.0 149
478269 0.0 7
479268 0.0 8
489235 3.0 74
489236 0.0 6
489237 9.0 9
489256 0.5 65
489257 5301.5 10539
489267 5.5 11
457368 0.0 14
457369 20.0 20
458367 1.0 20
458369 13.0 13
459367 0.0 21
459368 0.5 21
458379 0.0 17
459378 0.0 21
457389 0.0 15
467358 1.0 10
467359 0.0 12
468357 41.0 41
468359 40.0 40
469357 80.0 80
469358 70.0 70
468379 0.0 2
469378 1.0 11
467389 0.0 12
478356 0.0 49
478359 1.0 53
479356 0.0 58
479358 0.0 58
478369 11.0 11
479368 3.0 13
489356 1.0 7
489357 90.0 90
489367 3.0 10
468579 41.0 41
469578 2.0 14
467589 1.0 12
478569 0.0 48
479568 1.0 62
489567 11.5 21
458679 0.0 17
459678 0.5 21
457689 0.0 14
567123 95.0 95
567124 3.0 91
567128 1.0 23
567129 0.0 32
568123 63.0 63
568124 63.0 63
568127 1.0 6
568129 2.0 27
569123 80.0 80
569124 0.0 8
569127 0.0 12
569128 2.0 20
567134 24461.0 48792
567138 1.5 26
567139 3.0 42
568134 0.0 5
568137 0.0 6
568139 0.0 20
569134 88.0 88
569137 0.0 17
569138 0.0 15
567148 4.0 94
567149 0.0 80
568147 63.0 63
568149 1.0 24
569147 88.0 88
569148 1.0 17
568179 1.0 24
569178 0.0 15
567189 0.0 32
578123 168.0 168
578124 0.0 24
578126 0.0 21
578129 1.0 24
579123 57.0 57
579124 3.0 45
579126 1.0 23
579128 3.0 22
578134 0.0 23
578136 1.0 24
578139 2.0 26
579134 1.5 39
579136 0.5 21
579138 50.0 51
578146 0.0 23
578149 0.0 23
579146 0.0 34
579148 3.0 44
578169 0.0 21
579168 1.0 23
589123 91.0 91
589124 1.0 12
589126 0.0 15
589127 90.0 90
589134 0.0 13
589136 0.0 16
589137 4.0 26
589146 1.0 18
589147 79.0 79
589167 0.0 16
567234 11.0 18
567238 0.0 13
567239 2.5 26
568234 13.0 21
568237 0.0 5
568239 0.0 16
569234 1.0 11
569237 2.0 22
569238 2.0 19
567248 0.0 13
567249 1.0 21
568247 12.0 18
568249 26.0 53
569247 1.0 15
569248 0.0 15
568279 0.0 16
569278 0.0 14
567289 0.0 18
578234 0.0 15
578236 0.0 10
578239 17.0 17
579234 0.0 19
579236 2.0 23
579238 0.0 15
578246 0.0 15
578249 0.5 16
579246 0.0 18
579248 0.0 18
578269 1.0 12
579268 0.0 16
589234 1.0 16
589236 0.0 14
589237 0.0 17
589246 0.0 15
589247 0.0 9
589267 0.5 16
567348 7.0 15
567349 36.5 83
568347 2.0 9
568349 0.0 16
569347 0.0 16
569348 0.5 16
568379 0.0 17
569378 0.0 17
567389 0.0 18
578346 1.0 18
578349 1.0 18
579346 0.0 18
579348 0.0 17
578369 17.0 17
579368 3.5 27
589346 0.0 15
589347 0.0 17
589367 0.0 17
568479 0.0 16
569478 0.0 15
567489 0.0 18
578469 1.0 18
579468 0.0 18
589467 2.0 21
678123 10.0 10
678124 0.0 8
678125 0.0 65
678129 9.0 9
679123 11.0 11
679124 0.0 8
679125 0.0 55
679128 0.0 2
678134 0.0 7
678135 0.0 65
678139 9.0 9
679134 0.0 8
679135 0.5 81
679138 6.0 8
678145 0.0 7
678149 0.0 7
679145 0.0 56
679148 2.5 13
678159 83.0 83
679158 0.5 57
689123 10.0 10
689124 0.0 8
689125 1.0 52
689127 0.0 2
689134 1.0 3
689135 0.0 47
689137 9.0 9
689145 0.0 47
689147 9.0 9
689157 1.0 52
678234 0.5 6
678235 2.0 72
678239 1.5 3
679234 0.0 9
679235 1.0 83
679238 10.0 10
678245 0.5 66
678249 2.5 7
679245 0.0 55
679248 0.0 9
678259 6163.0 12255
679258 153.0 153
689234 0.0 8
689235 0.0 47
689237 9.0 10
689245 0.0 47
689247 0.0 8
689257 0.0 47
678345 0.0 65
678349 7.0 15
679345 0.5 81
679348 10.5 22
678359 6430.0 12753
679358 23540.5 46919
689345 1.0 52
689347 9.0 9
689357 165.0 165
678459 22.5 30
679458 0.0 55
689457 0.0 47
1357246 18.0 18
1358246 18.0 18
1359246 18.0 18
1356247 4.0 7
1358247 6.0 12
1359247 27.0 27
1356248 18.0 18
1357248 17.0 17
1359248 18.0 18
1356249 11.0 19
1357249 50.0 50
1358249 11.5 22
1367245 0.0 68
1368245 8026.5 16053
1369245 109.0 109
1368247 4.0 7
1369247 28.0 28
1367248 0.0 3
1369248 18.0 18
1367249 12.0 20
1368249 10.0 20
1378245 0.0 68
1379245 0.0 68
1378246 0.0 3
1379246 0.0 2
1379248 0.0 3
1378249 13.0 24
1389245 0.0 68
1389246 0.0 3
1389247 28.0 28
1347256 107.0 107
1348256 8015.5 16030
1349256 0.0 68
1346257 5.0 98
1348257 22867.0 45734
1349257 0.5 81
1346259 1.5 85
1347259 102.0 102
1348259 8326.0 16647
1368257 9213.5 18410
1369257 105.0 105
1367259 0.0 80
1368259 23296.0 46592
1378256 1.0 72
1379256 0.0 68
1378259 9217.5 18369
1389256 0.5 71
1389257 9926.5 19789
1345267 10.0 18
1348267 9.5 19
1349267 10.0 18
1345268 17.0 17
1347268 17.0 17
1349268 0.0 3
1345269 4.5 8
1347269 25.0 25
1348269 3.0 6
1358267 10.5 20
1359267 50.0 50
1357268 17.0 17
1359268 18.0 18
1357269 26.0 26
1358269 8.0 15
1379268 0.0 2
1378269 26.0 26
1389267 15.5 26
1345278 0.0 4
1346278 0.0 5
1349278 0.0 5
1345279 0.0 6
1346279 0.5 7
1348279 15.0 30
1356278 0.0 3
1359278 24.0 24
1356279 0.0 7
1358279 15.0 30
1369278 21.0 21
1368279 15.0 30
1345289 0.0 3
1346289 0.0 4
1347289 22.0 22
1356289 0.0 5
1357289 27.0 27
1367289 0.0 4
1457236 23.0 23
1458236 0.0 4
1459236 23.0 23
1456237 29.0 29
1458237 28.0 28
1459237 31.0 31
1456238 18.0 18
1457238 16.0 16
1459238 22.0 22
1456239 26.0 26
1457239 27.0 27
1458239 1.0 7
1467235 85.0 85
1468235 1.0 23
1469235 0.0 27
1468237 0.0 3
1469237 1.0 4
1467238 18.0 18
1469238 1.0 4
1467239 26.0 26
1468239 26.0 26
1478235 89.0 89
1489235 0.0 6
1478236 17.0 17
1489236 19.0 19
1489237 0.0 5
1478239 18.0 18
1479235 89.0 89
1479236 19.0 19
1479238 24.0 24
1468257 0.0 62
1469257 0.0 64
1467259 91.0 91
1468259 2272.5 4498
1478256 108.0 108
1489256 7.5 15
1489257 0.5 70
1478259 191.0 191
1479256 110.0 110
1458267 10.5 20
1459267 51.0 51
1457268 17.0 17
1459268 18.0 18
1457269 25.0 25
1458269 0.0 5
1489267 11.5 21
1478269 21.0 21
1479268 19.0 19
1456278 17.0 17
1459278 16.0 16
1456279 32.0 32
1458279 24.5 42
1469278 0.0 3
1468279 18.0 33
1456289 15.0 15
1457289 16.0 16
1467289 15.0 15
1567234 7.5 14
1568234 7.5 14
1569234 28.0 28
1568237 28.0 28
1569237 29.0 29
1567238 17.0 17
1569238 19.0 19
1567239 3.5 7
1568239 8.5 16
1578234 3.5 7
1579234 28.0 28
1578236 0.0 3
1579236 23.0 23
1579238 29.0 29
1578239 0.5 7
1589234 28.0 28
1589236 19.0 19
1589237 58.0 58
1568247 6.0 12
1569247 27.0 27
1567248 17.0 17
1569248 17.0 17
1567249 7.5 15
1568249 9.5 19
1578246 19.0 19
1579246 17.0 17
1579248 17.0 17
1578249 12.5 23
1589246 18.0 18
1589247 27.0 27
1579268 17.0 17
1578269 0.0 5
1589267 63.0 63
1569278 17.0 17
1568279 16.0 31
1567289 16.0 16
1678234 3.0 6
1679234 28.0 28
1678235 128.0 128
1679235 0.0 27
1679238 0.0 5
1678239 4.0 7
1689234 28.0 28
1689235 0.0 26
1689237 1.0 7
1678245 7937.0 15873
1679245 1.0 72
1679248 0.0 3
1678249 9.5 19
1689245 109.0 109
1689247 28.0 28
1678259 6090.5 12178
1689257 0.0 68
1789234 28.0 28
1789235 93.0 93
1789236 19.0 19
1789245 109.0 109
1789246 18.0 18
1789256 108.0 108
1257346 0.0 4
1258346 18.0 18
1259346 18.0 18
1256347 28.0 28
1258347 28.0 28
1259347 29.0 29
1256348 18.0 30
1257348 10.0 19
1259348 59.0 59
1256349 19.0 35
1257349 0.0 7
1258349 35.0 35
1267345 23272.5 46545
1268345 0.0 62
1269345 0.0 68
1268347 1.0 4
1269347 0.0 4
1267348 10.0 20
1269348 13.0 24
1267349 13.0 26
1268349 15.0 28
1278345 1.0 83
1279345 0.0 80
1278346 0.0 4
1279346 0.0 4
1279348 10.0 19
1278349 0.0 6
1289345 0.0 62
1289346 0.0 3
1289347 1.0 4
1247356 135.0 135
1248356 0.0 26
1249356 0.0 26
1246358 6.0 87
1247358 193.0 193
1249358 0.0 65
1246359 0.0 67
1247359 192.0 192
1248359 0.0 60
1267358 6384.5 12764
1269358 0.0 66
1267359 9677.5 19353
1268359 0.0 67
1278356 0.0 26
1279356 1.0 29
1279358 8816.0 17566
1278359 0.0 59
1289356 0.0 27
1245367 1.0 6
1248367 0.0 6
1249367 0.0 5
1245368 0.0 5
1247368 17.0 17
1249368 28.0 28
1258367 28.0 28
1259367 28.0 28
1257368 0.0 4
1259368 31.0 31
1279368 27.0 27
1289367 0.0 3
1245378 0.0 5
1246378 0.0 5
1249378 0.0 5
1245379 0.0 5
1246379 0.0 6
1248379 0.0 5
1256378 0.0 5
1259378 42.0 42
1256379 0.0 6
1258379 43.0 43
1269378 1.0 6
1268379 0.0 5
1245389 0.0 5
1246389 0.0 3
1247389 17.0 17
1256389 0.5 6
1257389 0.0 5
1267389 2.5 5
1467358 88.0 88
1469358 0.0 64
1467359 96.0 96
1468359 0.0 62
1478356 92.0 92
1489356 0.0 6
1478359 199.0 199
1479356 88.0 88
1479358 106.0 106
1458367 0.0 5
1459367 50.0 50
1457368 25.0 25
1459368 30.0 30
1489367 0.0 5
1479368 27.0 27
1456378 30.0 30
1459378 29.0 29
1456379 46.0 46
1458379 0.0 6
1469378 0.0 3
1468379 0.0 5
1456389 29.0 29
1457389 29.0 29
1467389 26.0 26
1568347 26.0 26
1569347 49.0 49
1567348 10.5 19
1569348 57.0 57
1567349 15.0 30
1568349 15.0 30
1578346 1.0 4
1579346 19.0 19
1579348 54.0 54
1578349 0.0 7
1589346 19.0 19
1589347 29.0 29
1579368 30.0 30
1589367 27.0 27
1569378 29.0 29
1568379 41.0 41
1567389 3.5 7
1678345 8867.0 17720
1679345 9607.5 19152
1679348 12.5 21
1678349 13.5 27
1689345 1.0 72
1689347 0.0 4
1679358 0.0 80
1678359 9244.5 18481
1789345 103.0 103
1789346 20.0 20
1789356 88.0 88
1236457 91.0 91
1268457 0.0 21
1269457 0.0 6
1236458 108.0 108
1267458 8024.5 16049
1269458 8.5 16
1236459 189.0 189
1267459 7842.0 15669
1268459 2271.5 4495
1237458 108.0 108
1279458 0.5 71
1237459 103.0 103
1278459 6.0 101
1238457 84.0 84
1289457 0.0 26
1238459 87.0 87
1239457 89.0 89
1239458 108.0 108
1235467 19.0 19
1258467 19.0 19
1259467 19.0 19
1235468 17.0 17
1257468 16.0 16
1259468 17.0 17
1235469 18.0 18
1257469 0.0 3
1258469 17.0 17
1237468 17.0 17
1279468 0.0 3
1237469 20.0 20
1278469 0.0 4
1238467 17.0 17
1289467 1.0 4
1238469 16.0 16
1239467 22.0 22
1239468 17.0 17
1235478 22.0 22
1256478 1.0 5
1259478 22.0 22
1235479 28.0 28
1256479 0.0 4
1258479 27.0 27
1236478 16.0 16
1269478 18.0 18
1236479 17.0 17
1268479 25.0 25
1238479 27.0 27
1239478 18.0 18
1235489 24.0 24
1256489 0.0 5
1257489 3.0 6
1236489 19.0 19
1267489 5.0 8
1237489 24.0 24
1368457 127.0 127
1369457 91.0 91
1367458 1.0 72
1369458 107.0 107
1367459 8542.0 17020
1368459 6646.5 13289
1379458 0.0 68
1378459 0.0 80
1389457 1.0 29
1358467 17.0 17
1359467 26.0 26
1357468 16.0 16
1359468 17.0 17
1357469 21.0 21
1358469 18.0 18
1379468 3.0 6
1378469 0.0 5
1389467 0.0 4
1356478 0.0 3
1359478 22.0 22
1356479 0.5 7
1358479 3.5 7
1369478 19.0 19
1368479 3.5 7
1356489 0.0 5
1357489 23.0 23
1367489 23.0 23
1579468 16.0 16
1578469 0.0 4
1589467 19.0 19
1569478 19.0 19
1568479 4.5 9
1567489 6.0 12
1679458 0.5 70
1678459 23394.5 46789
1689457 0.0 25
1234567 190.0 190
1248567 5.0 85
1249567 0.0 65
1234568 108.0 108
1247568 107.0 107
1249568 112.0 112
1234569 89.0 89
1247569 88.0 88
1248569 0.0 21
1237568 107.0 107
1279568 0.0 68
1237569 89.0 89
1278569 0.0 27
1238567 87.0 87
1289567 0.0 65
1238569 81.0 81
1239567 107.0 107
1239568 110.0 110
1234578 131.0 131
1246578 0.0 27
1249578 1.0 29
1234579 195.0 195
1246579 0.0 60
1248579 1.0 71
1236578 90.0 90
1269578 0.0 6
1236579 192.0 192
1268579 0.0 62
1238579 98.0 98
1239578 93.0 93
1234589 90.0 90
1246589 0.0 20
1247589 88.0 88
1236589 127.0 127
1267589 128.0 128
1237589 92.0 92
1348567 7177.5 14339
1349567 8766.0 17467
1347568 106.0 106
1349568 0.0 68
1347569 88.0 88
1348569 129.0 129
1379568 0.0 68
1378569 0.0 26
1389567 0.0 80
1346578 0.0 26
1349578 0.0 25
1346579 0.0 60
1348579 9580.0 19159
1369578 89.0 89
1368579 9446.0 18886
1346589 0.0 27
1347589 89.0 89
1367589 0.0 27
1489567 0.0 67
1478569 131.0 131
1479568 110.0 110
1469578 0.0 27
1468579 0.5 69
1467589 84.0 84
1234678 19.0 19
1245678 1.0 5
1249678 26.0 26
1234679 18.0 18
1245679 0.0 6
1248679 0.0 3
1235678 26.0 26
1259678 28.0 28
1235679 28.0 28
1258679 28.0 28
1238679 26.0 26
1239678 25.0 25
1234689 16.0 16
1245689 0.0 4
1247689 16.0 16
1235689 21.0 21
1257689 1.0 4
1237689 17.0 17
1345678 0.0 4
1349678 26.0 26
1345679 0.5 7
1348679 4.0 7
1359678 28.0 28
1358679 4.5 8
1345689 0.0 3
1347689 18.0 18
1357689 20.0 20
1459678 30.0 30
1458679 0.0 6
1457689 20.0 20
2357146 30.0 30
2358146 29.0 29
2359146 0.0 5
2356148 6.0 90
2357148 88.0 88
2359148 0.0 53
2356149 0.0 4
2357149 45.0 45
2358149 41.0 41
2367145 1.0 28
2368145 0.0 26
2369145 133.0 133
2367148 26.0 26
2369148 18.0 18
2367149 0.0 5
2368149 0.0 5
2378145 0.0 26
2379145 1.0 28
2378146 0.0 3
2379146 0.0 4
2379148 25.0 25
2378149 2.0 6
2389145 0.0 27
2389146 0.0 5
2347156 0.0 68
2348156 0.0 62
2349156 23408.0 46816
2346157 0.0 67
2348157 0.0 67
2349157 9396.0 18785
2346158 4.0 77
2347158 0.0 68
2349158 5156.5 10311
2368157 0.0 61
2369157 200.0 200
2367158 0.0 68
2369158 191.0 191
2378156 0.0 64
2379156 0.0 80
2379158 9514.5 18963
2389156 2.0 87
2389157 0.5 63
2345167 14181.0 28299
2348167 16.5 31
2349167 15.0 30
2345168 7037.0 14064
2347168 14.0 25
2349168 9.5 19
2345169 77.0 77
2347169 0.0 6
2348169 0.0 4
2358167 45.0 45
2359167 0.0 25
2357168 111.0 111
2359168 1094.5 2146
2357169 48.0 48
2358169 43.0 43
2379168 14.5 25
2378169 0.0 3
2389167 0.0 6
2345178 0.5 43
2346178 0.0 3
2349178 3.0 6
2345179 0.0 6
2346179 0.0 6
2348179 0.0 6
2356178 0.0 40
2359178 0.0 57
2356179 0.0 5
2358179 59.0 59
2369178 16.0 16
2368179 0.0 5
2345189 0.0 6
2346189 0.0 5
2347189 0.0 5
2356189 0.0 5
2357189 74.0 74
2367189 1.0 7
2457136 0.0 41
2458136 145.0 145
2459136 2922.5 5844
2456137 42.0 42
2458137 41.0 41
2459137 78.0 78
2456138 149.0 149
2457138 14560.5 29054
2459138 7879.5 15734
2456139 42.0 42
2457139 0.0 5
2458139 41.0 41
2467135 0.0 68
2468135 0.0 62
2469135 0.0 68
2468137 1.0 3
2469137 1.0 7
2467138 15.5 29
2469138 20.0 35
2467139 1.0 7
2468139 0.0 2
2478135 6.0 89
2479135 9910.0 19815
2478136 0.0 3
2479136 3.0 6
2479138 13.0 26
2478139 0.0 6
2489135 0.0 64
2489136 25.0 25
2489137 0.0 6
2468157 0.0 63
2469157 0.0 63
2467158 0.5 64
2469158 2600.0 5150
2478156 0.0 64
2479156 5418.0 10827
2479158 23360.5 46721
2489156 2669.5 5290
2489157 0.0 68
2458167 148.0 148
2459167 7939.0 15852
2457168 6984.5 13963
2459168 6905.0 13810
2457169 0.0 5
2458169 76.0 76
2479168 9.5 19
2478169 0.0 5
2489167 23.0 39
2456178 145.0 145
2459178 2957.5 5913
2456179 40.0 40
2458179 41.0 41
2469178 24.0 24
2468179 1.0 3
2456189 75.0 75
2457189 75.0 75
2467189 0.0 4
2567134 24332.0 48640
2568134 33.0 33
2569134 0.0 42
2568137 36.0 36
2569137 0.0 5
2567138 13644.5 27275
2569138 8405.5 16747
2567139 74.0 74
2568139 35.0 35
2578134 97.0 97
2579134 7.5 15
2578136 98.0 98
2579136 7.5 15
2579138 13398.0 26796
2578139 74.0 74
2589134 81.0 81
2589136 79.0 79
2589137 77.0 77
2567148 8375.5 16751
2569148 0.5 71
2567149 55.0 55
2568149 44.0 44
2578146 28.0 28
2579146 29.0 29
2579148 2266.0 4477
2578149 45.0 45
2589146 29.0 29
2579168 864.0 1728
2578169 49.0 49
2589167 46.0 46
2569178 0.0 57
2568179 37.0 37
2567189 76.0 76
2678134 23.0 23
2679134 4.5 8
2678135 1.0 68
2679135 10306.0 20611
2679138 13.0 26
2678139 0.0 5
2689134 0.0 3
2689135 3.0 79
2689137 0.0 5
2678145 0.0 21
2679145 131.0 131
2679148 3.0 6
2678149 0.0 3
2689145 0.0 22
2679158 8833.0 17646
2689157 0.0 60
2789134 23.0 23
2789135 98.0 98
2789136 26.0 26
2789145 86.0 86
2789146 26.0 26
2789156 90.0 90
2467358 2549.5 5049
2469358 0.0 65
2467359 0.0 63
2468359 0.0 64
2478356 0.0 23
2479356 130.0 130
2479358 7943.0 15881
2478359 0.0 58
2489356 0.0 22
2458367 19.0 19
2459367 28.0 28
2457368 0.0 5
2459368 6.0 12
2479368 3.0 6
2489367 1.0 4
2456378 22.0 22
2459378 30.0 30
2456379 18.0 18
2458379 17.0 17
2469378 0.0 3
2468379 0.0 2
2456389 22.0 22
2457389 1.0 6
2467389 24.0 24
2568347 22.0 22
2569347 1.0 6
2567348 10.0 20
2569348 13.5 24
2567349 15.0 30
2568349 42.0 42
2578346 20.0 20
2579346 19.0 19
2579348 8.0 16
2578349 36.0 36
2589346 18.0 18
2589347 28.0 28
2579368 6.5 13
2589367 27.0 27
2569378 29.0 29
2568379 18.0 18
2567389 6.0 12
2678345 2668.0 5286
2679345 5317.0 10633
2679348 9.5 19
2678349 24.0 40
2689345 2.0 71
2689347 0.0 5
2679358 23385.0 46770
2678359 0.0 67
2789345 86.0 86
2789346 19.0 19
2789356 82.0 82
2368457 0.0 21
2369457 91.0 91
2367458 109.0 109
2369458 109.0 109
2367459 0.0 65
2368459 6.0 87
2379458 0.0 68
2378459 0.0 62
2389457 0.0 26
2358467 18.0 18
2359467 0.0 3
2357468 16.0 16
2359468 18.0 18
2357469 18.0 18
2358469 17.0 17
2379468 0.0 3
2378469 0.0 3
2389467 0.0 4
2356478 0.0 3
2359478 1.0 4
2356479 0.0 7
2358479 28.0 28
2369478 16.0 16
2368479 0.0 3
2356489 0.0 5
2357489 24.0 24
2367489 24.0 24
2579468 17.0 17
2578469 18.0 18
2589467 18.0 18
2569478 0.0 4
2568479 21.0 21
2567489 7.5 14
2679458 7957.0 15913
2678459 1.0 67
2689457 0.0 26
2348567 2365.5 4683
2349567 7981.5 15953
2347568 7.5 15
2349568 7956.0 15910
2347569 1.0 7
2348569 1.0 25
2379568 0.0 68
2378569 0.0 27
2389567 4.5 96
2346578 1.0 20
2349578 129.0 129
2346579 0.0 60
2348579 0.0 63
2369578 90.0 90
2368579 0.0 68
2346589 0.0 28
2347589 0.0 6
2367589 0.0 26
2479568 7957.5 15912
2478569 0.0 26
2489567 0.0 63
2469578 1.0 20
2468579 0.0 63
2467589 0.0 21
2345678 0.0 4
2349678 3.0 6
2345679 0.0 6
2348679 24.0 24
2359678 3.5 7
2358679 28.0 28
2345689 0.0 5
2347689 17.0 17
2357689 18.0 18
2459678 5.0 10
2458679 22.0 22
2457689 0.0 4
3457126 86.0 86
3458126 8417.0 16833
3459126 2245.5 4438
3456127 97.0 97
3458127 23794.0 47570
3459127 7.5 15
3456128 30.0 30
3457128 31.0 31
3459128 30.0 30
3456129 46.0 46
3457129 45.0 45
3458129 59.0 59
3467125 0.0 27
3468125 1.0 21
3469125 84.0 84
3468127 29.0 29
3469127 30.0 30
3467128 0.0 3
3469128 27.0 27
3467129 1.0 5
3468129 0.0 4
3478125 1.0 29
3479125 0.0 26
3478126 31.0 31
3479126 30.0 30
3479128 0.0 6
3478129 0.0 5
3489125 130.0 130
3489126 3.5 7
3489127 3.5 7
3468157 0.0 63
3469157 92.0 92
3467158 0.0 63
3469158 91.0 91
3478156 0.0 68
3479156 9597.0 19128
3479158 0.0 80
3489156 8881.5 17745
3489157 9842.5 19679
3458167 13237.5 26467
3459167 13097.5 26195
3457168 117.0 117
3459168 845.5 1691
3457169 76.0 76
3458169 77.0 77
3479168 16.5 28
3478169 1.0 8
3489167 14.5 29
3456178 96.0 96
3459178 7.5 15
3456179 79.0 79
3458179 79.0 79
3469178 26.0 26
3468179 0.0 5
3456189 52.0 52
3457189 53.0 53
3467189 0.0 4
3567124 97.0 97
3568124 0.0 21
3569124 43.0 43
3568127 1.0 84
3569127 65.0 65
3567128 28.0 28
3569128 30.0 30
3567129 41.0 41
3568129 59.0 59
3578124 103.0 103
3589124 0.0 6
3578126 94.0 94
3589126 7.0 14
3589127 0.0 80
3578129 61.0 61
3579124 43.0 43
3579126 43.0 43
3579128 36.0 36
3567148 94.0 94
3569148 46.0 46
3567149 55.0 55
3568149 1.0 7
3578146 29.0 29
3589146 1.0 5
3578149 42.0 42
3579146 37.0 37
3579148 47.0 47
3589167 0.0 25
3578169 43.0 43
3579168 68.0 68
3569178 59.0 59
3568179 0.0 5
3567189 44.0 44
3678124 19.0 19
3679124 19.0 19
3678125 0.0 5
3679125 88.0 88
3679128 29.0 29
3678129 0.0 5
3689124 19.0 19
3689125 88.0 88
3689127 19.0 19
3678145 0.0 6
3679145 91.0 91
3679148 25.0 25
3678149 0.0 5
3689145 88.0 88
3679158 105.0 105
3689157 198.0 198
3789124 19.0 19
3789125 88.0 88
3789126 30.0 30
3789145 87.0 87
3789146 28.0 28
3789156 106.0 106
3468257 2591.0 5134
3469257 88.0 88
3467259 0.0 65
3468259 0.0 64
3478256 109.0 109
3479256 0.0 68
3478259 0.0 66
3489256 8022.5 16044
3489257 5240.5 10480
3458267 9.5 19
3459267 7.0 14
3457268 16.0 16
3459268 18.0 18
3457269 25.0 25
3458269 6.0 12
3479268 0.0 3
3478269 27.0 27
3489267 9.5 19
3456278 17.0 17
3459278 18.0 18
3456279 35.0 35
3458279 16.0 31
3469278 17.0 17
3468279 20.0 36
3456289 17.0 17
3457289 16.0 16
3467289 1.0 4
3568247 0.0 4
3569247 27.0 27
3567248 18.0 18
3569248 18.0 18
3567249 52.0 52
3568249 10.5 20
3578246 18.0 18
3589246 18.0 18
3589247 0.0 4
3578249 62.0 62
3579246 18.0 18
3579248 17.0 17
3589267 10.5 20
3578269 33.0 33
3579268 18.0 18
3569278 18.0 18
3568279 22.5 39
3567289 16.0 16
3678245 7.5 15
3679245 107.0 107
3679248 17.0 17
3678249 12.0 21
3689245 108.0 108
3689247 24.0 24
3678259 0.5 68
3689257 193.0 193
3789245 108.0 108
3789246 19.0 19
3789256 108.0 108
3589467 0.0 4
3578469 17.0 17
3579468 17.0 17
3569478 22.0 22
3568479 0.0 6
3567489 26.0 26
3679458 108.0 108
3678459 0.0 66
3689457 131.0 131
3479568 0.0 68
3478569 1.0 29
3489567 23315.0 46630
3469578 86.0 86
3468579 0.0 68
3467589 0.0 27
3459678 7.5 12
3458679 8.5 17
3457689 17.0 17
4578126 5.0 87
4579126 0.0 53
4567128 30.0 30
4579128 0.0 5
4567129 40.0 40
4578129 1.0 7
4589126 0.0 69
4568127 35.0 35
4589127 0.5 43
4568129 46.0 46
4569127 78.0 78
4569128 31.0 31
4578136 0.0 40
4579136 0.5 59
4567138 55.0 55
4579138 0.0 25
4567139 63.0 63
4578139 0.0 4
4589136 0.0 57
4568137 34.0 34
4589137 1.0 7
4568139 34.0 34
4569137 78.0 78
4569138 47.0 47
4579168 1073.0 2103
4578169 0.0 5
4589167 8426.5 16791
4568179 37.0 37
4569178 78.0 78
4567189 44.0 44
4678125 0.0 26
4679125 0.0 27
4679128 0.0 5
4678129 0.0 5
4689125 1.0 21
4689127 0.0 3
4678135 0.0 63
4679135 0.0 63
4679138 0.5 7
4678139 0.0 5
4689135 0.0 62
4689137 0.0 6
4679158 2.0 87
4689157 4.0 82
4789125 131.0 131
4789126 19.0 19
4789135 195.0 195
4789136 15.0 15
4789156 194.0 194
4578236 0.0 4
4579236 0.0 3
4567238 17.0 17
4579238 1.0 4
4567239 27.0 27
4578239 0.0 6
4589236 1.0 6
4568237 20.0 20
4589237 0.0 5
4568239 22.0 22
4569237 31.0 31
4569238 23.0 23
4579268 18.0 18
4578269 0.0 5
4589267 13.5 23
4568279 41.0 41
4569278 18.0 18
4567289 15.0 15
4678235 0.0 20
4679235 0.0 27
4679238 0.0 5
4678239 0.0 3
4689235 0.0 27
4689237 0.0 5
4678259 6.0 86
4689257 1.0 67
4789235 91.0 91
4789236 16.0 16
4789256 109.0 109
4579368 3.5 7
4589367 28.0 28
4568379 16.0 16
4569378 29.0 29
4567389 27.0 27
4679358 4.5 96
4678359 0.0 67
4789356 89.0 89
5678124 0.0 22
5679124 0.0 6
5679128 1.0 5
5678129 0.0 4
5689124 0.0 22
5689127 0.0 41
5678134 0.0 80
5679134 0.0 80
5679138 0.0 26
5678139 1.0 7
5689134 0.0 41
5689137 0.0 5
5679148 7.0 14
5678149 55.0 55
5789124 43.0 43
5789126 44.0 44
5789134 68.0 68
5789136 54.0 54
5789146 29.0 29
5678234 0.0 5
5679234 0.0 4
5679238 0.0 4
5678239 0.5 7
5689234 1.0 6
5689237 1.0 7
5679248 18.0 18
5678249 9.0 18
5689247 0.0 4
5789234 29.0 29
5789236 21.0 21
5789246 18.0 18
5679348 9.0 17
5678349 28.5 47
5689347 0.0 5
5789346 19.0 19
6789124 18.0 18
6789125 90.0 90
6789134 17.0 17
6789135 192.0 192
6789145 88.0 88
6789234 20.0 20
6789235 131.0 131
6789245 107.0 107
6789345 196.0 196
13582467 0.0 19
13582469 0.0 19
13562478 0.0 11
13562479 11.5 23
13582479 27.5 55
13562489 0.0 11
13672458 142.0 142
13672459 8486.0 16972
13682457 0.0 77
13682459 28301.0 56602
13682479 31.0 62
13672489 0.0 23
13782456 142.0 142
13782459 9162.5 18325
13792456 71.0 71
13792458 71.0 71
13782469 0.0 25
13792468 0.0 3
13892456 141.0 141
13892457 0.0 70
13892467 0.0 28
13482567 27971.5 55943
13482569 0.0 76
13492567 8709.5 17419
13492568 139.0 139
13462578 95.0 95
13462579 7.0 14
13482579 27972.5 55945
13492578 110.0 110
13462589 95.0 95
13682579 28301.0 56602
13672589 111.0 111
13782569 0.0 70
13792568 70.0 70
13892567 9873.5 19747
13452678 0.0 10
13452679 12.0 24
13482679 29.5 59
13492678 0.0 24
13452689 0.0 10
13582679 27.5 55
13452789 13.0 13
13462789 12.0 12
13562789 15.0 15
14582367 0.0 18
14582369 15.0 15
14582379 0.0 19
14682357 87.0 87
14682359 0.0 54
14692357 49.0 49
14692358 48.0 48
14682379 0.0 23
14692378 0.0 2
14892356 0.0 10
14892357 80.0 80
14892367 0.0 11
14682579 2241.0 4482
14692578 48.0 48
14892567 17.5 35
14582679 27.0 54
15672348 0.0 17
15672349 24.5 49
15682347 0.0 33
15682349 31.0 62
15682379 0.0 32
15672389 0.0 18
15782346 0.0 11
15782349 14.5 29
15782369 14.0 14
15682479 33.0 66
15672489 0.0 18
15782469 0.0 11
16782345 0.0 78
16782349 28.0 56
16792345 0.0 70
16792348 0.0 26
16782359 0.0 77
16792358 112.0 112
16892345 0.0 62
16892347 0.0 44
16892357 100.0 100
16782459 27754.0 55508
16792458 143.0 143
16892457 0.0 61
12573468 0.0 9
12573469 14.0 14
12563478 0.0 19
12563479 0.0 19
12563489 28.5 57
12573489 12.0 24
12673458 27590.0 55180
12673459 27590.5 55181
12683457 86.0 86
12683459 2236.5 4473
12693457 78.0 78
12693458 18.5 37
12683479 0.0 22
12693478 0.0 11
12673489 27.0 54
12783456 94.0 94
12783459 7.0 14
12793456 112.0 112
12793458 8759.5 17519
12783469 11.0 11
12793468 0.0 26
12893456 47.0 47
12893457 47.0 47
12893467 0.0 2
12483567 88.0 88
12483569 87.0 87
12493567 96.0 96
12493568 0.0 61
12463578 88.0 88
12463589 0.0 6
12493578 98.0 98
12463579 85.0 85
12483579 86.0 86
12673589 0.0 76
12693578 77.0 77
12683579 134.0 134
12783569 95.0 95
12793568 0.0 69
12893567 49.0 49
12453678 0.0 2
12453679 11.0 11
12483679 10.0 10
12493678 0.0 44
12453689 8.0 8
12573689 12.0 12
12453789 12.0 12
12463789 10.0 10
12563789 16.0 16
14693578 49.0 49
14683579 135.0 135
14893567 78.0 78
14583679 17.0 17
15683479 0.0 33
15673489 26.0 52
15783469 14.0 14
16783459 27754.5 55509
16793458 9553.5 19107
16893457 100.0 100
12684579 0.0 54
12694578 0.0 11
12674589 0.0 76
12794568 141.0 141
12784569 96.0 96
12894567 49.0 49
12574689 0.0 9
12564789 13.0 13
13684579 0.0 78
13674589 0.0 69
13794568 70.0 70
13784569 111.0 111
13894567 112.0 112
13584679 0.0 19
13564789 14.0 14
12485679 0.0 6
12495678 0.0 62
12465789 86.0 86
13485679 0.0 77
13495678 0.0 69
13465789 96.0 96
12456789 8.0 8
13456789 13.0 13
23591467 33.0 33
23591468 0.0 45
23561478 87.0 87
23561489 0.0 6
23591478 113.0 113
23561479 12.0 12
23671458 0.0 60
23671459 97.0 97
23681457 86.0 86
23681459 88.0 88
23671489 0.0 41
23681479 10.0 10
23781456 48.0 48
23781459 48.0 48
23791456 111.0 111
23791458 0.0 70
23781469 0.0 2
23791468 0.0 26
23891456 96.0 96
23891457 96.0 96
23891467 13.0 13
23471568 18.5 37
23471569 80.0 80
23481567 2332.0 4664
23481569 90.0 90
23491567 26939.5 53879
23491568 26939.0 53878
23461578 0.0 5
23461579 84.0 84
23481579 136.0 136
23491578 0.0 75
23461589 83.0 83
23471589 79.0 79
23681579 86.0 86
23671589 100.0 100
23781569 48.0 48
23791568 9459.0 18918
23891567 7.0 14
23451678 21145.5 42291
23451679 0.0 76
23481679 0.0 21
23491678 29.0 58
23451689 0.0 74
23471689 0.0 10
23591678 1055.0 2110
23451789 54.0 54
23461789 10.0 10
23561789 45.0 45
24571368 21472.0 42944
24571369 51.0 51
24591367 0.0 70
24591368 14283.0 28566
24591378 0.0 70
24571389 0.0 76
24671358 2513.5 5027
24671359 137.0 137
24681357 65.0 65
24681359 65.0 65
24691357 137.0 137
24691358 2565.0 5130
24681379 0.0 2
24691378 0.0 26
24671389 0.0 22
24781356 0.0 6
24781359 89.0 89
24791356 0.0 76
24791358 27284.0 54568
24781369 11.0 11
24791368 27.0 54
24891356 0.0 56
24891357 138.0 138
24891367 0.0 26
24681579 65.0 65
24691578 0.0 55
24671589 88.0 88
24781569 83.0 83
24791568 27284.5 54569
24891567 2636.5 5273
24591678 14277.5 28555
24571689 0.0 73
25671348 46319.0 92638
25671349 0.0 82
25691347 52.0 52
25691348 8352.5 16705
25691378 0.0 69
25671389 0.0 81
25791346 0.0 31
25791348 8251.5 16503
25791368 8251.0 16502
25671489 0.0 81
25691478 131.0 131
25791468 0.0 60
26781345 0.0 56
26781349 0.0 26
26791345 0.0 77
26791348 27.0 54
26781359 139.0 139
26791358 27894.5 55789
26891345 0.0 5
26891347 11.0 11
26891357 85.0 85
26781459 89.0 89
26791458 0.0 78
26891457 85.0 85
24673589 0.0 55
24693578 87.0 87
24683579 65.0 65
24783569 85.0 85
24793568 0.0 76
24893567 88.0 88
24593678 0.0 50
24573689 14.0 14
25693478 0.0 28
25673489 32.5 65
25793468 0.0 29
26783459 2635.0 5270
26793458 27882.5 55765
26893457 85.0 85
23684579 0.0 6
23674589 0.0 60
23794568 139.0 139
23784569 48.0 48
23894567 95.0 95
23594678 0.0 17
23564789 9.0 9
23485679 0.0 54
23495678 0.0 75
23475689 0.0 11
23465789 84.0 84
23456789 15.0 15
34581267 45426.5 90853
34581269 0.0 80
34591267 8081.0 16162
34591268 0.0 60
34581279 0.0 82
34591278 0.0 32
34671258 49.0 49
34671259 49.0 49
34681257 0.0 55
34681259 88.0 88
34681279 0.0 27
34671289 0.0 2
34781256 0.0 62
34781259 99.0 99
34791256 0.0 70
34791258 112.0 112
34781269 0.0 46
34791268 0.0 31
34891256 0.0 78
34891257 0.0 78
34891267 30.0 60
34681579 136.0 136
34671589 49.0 49
34781569 103.0 103
34791568 9542.5 19085
34891567 27638.5 55277
34581679 0.0 81
34591678 8081.0 16162
35681247 108.0 108
35681249 0.0 34
35681279 0.0 34
35891246 0.0 10
35891247 90.0 90
35891267 16.5 33
35681479 17.0 17
35891467 33.0 33
36781245 0.0 11
36781249 0.0 11
36781259 77.0 77
36781459 77.0 77
34682579 2559.0 5118
34672589 49.0 49
34782569 0.0 62
34792568 139.0 139
34892567 27638.5 55277
34582679 34.0 68
34592678 0.0 30
35682479 26.0 52
35892467 0.0 10
36782459 17.0 34
45781236 86.0 86
45781269 0.0 6
45791236 114.0 114
45791268 0.0 45
45791238 33.0 33
45781239 13.0 13
45891236 131.0 131
45891267 8374.5 16749
45891237 53.0 53
45781369 44.0 44
45791368 1034.0 2068
45891367 0.0 69
46781235 86.0 86
46781259 87.0 87
46791235 97.0 97
46791258 97.0 97
46791238 13.0 13
46781239 11.0 11
46891235 83.0 83
46891257 0.0 6
46891237 12.0 12
46781359 85.0 85
46791358 7.0 14
46891357 88.0 88
45782369 9.0 9
45792368 0.0 17
45892367 0.0 27
46782359 0.0 6
46792358 96.0 96
46892357 84.0 84
56781234 107.0 107
56781249 0.0 33
56791234 90.0 90
56791248 0.0 10
56791238 34.0 34
56781239 16.0 16
56891234 32.0 32
56891247 33.0 33
56891237 32.0 32
56781349 0.0 33
56791348 15.0 30
56891347 32.0 32
56782349 28.0 56
56792348 0.0 10
56892347 0.0 2
135892467 57.0 57
135782469 55.0 55
135692478 11.0 11
135682479 129.0 258
135672489 52.0 52
136782459 73720.5 147441
136892457 208.0 208
135792468 3.0 3
134892567 74210.5 148421
134782569 208.0 208
134682579 61080.5 122161
134592678 64.0 64
134582679 130.0 260
134572689 10.0 10
145892367 56.0 56
145682379 74.0 74
146782359 137.0 137
145692378 2.0 2
147892356 10.0 10
156792348 53.0 53
156782349 126.0 252
156892347 79.0 79
145672389 18.0 18
157892346 11.0 11
167892345 210.0 210
125793468 64.0 64
125693478 58.0 58
125683479 74.0 74
125673489 126.0 252
126793458 73804.0 147608
126783459 60223.5 120447
125893467 2.0 2
124793568 206.0 206
124673589 137.0 137
124593678 96.0 96
123684579 138.0 138
123694578 11.0 11
123674589 205.0 205
123574689 9.0 9
123584679 19.0 19
123485679 137.0 137
123495678 206.0 206
235791468 131.0 131
235671489 128.0 128
236791458 208.0 208
235781469 2.0 2
234791568 73243.5 146487
234891567 59553.5 119107
234691578 135.0 135
234591678 44588.0 89176
234581679 178.0 178
234571689 157.0 157
245791368 45067.0 90134
245891367 165.0 165
245691378 165.0 165
245671389 179.0 179
246791358 60264.0 120528
245681379 2.0 2
247891356 138.0 138
256791348 62965.0 125930
256781349 141.0 141
257891346 31.0 31
267891345 138.0 138
123594678 17.0 17
123475689 11.0 11
345891267 61928.5 123857
345781269 132.0 132
345791268 136.0 136
345681279 143.0 143
345691278 32.0 32
346891257 139.0 139
345671289 2.0 2
347891256 210.0 210
356781249 78.0 78
357891246 10.0 10
367891245 11.0 11
145792368 17.0 17
356791248 10.0 10
